Iteration	CPUTime	PhysTime	Travels
1	44	1.47915122e-05	0.0041893282
2	47	1.74283098e-05	0.0083786564
3	51	2.02390588e-05	0.0125679846
4	54	2.31709775e-05	0.0167573128
5	58	2.61013774e-05	0.020946641
6	62	3.06489135e-05	0.0251359692
7	65	3.54507765e-05	0.0293252974
8	69	4.02038796e-05	0.0335146256
9	72	4.48375489e-05	0.0377039538
10	76	4.92901942e-05	0.041893282
11	79	5.57917886e-05	0.0460826102
12	83	6.18897278e-05	0.0502719384
13	86	6.76846396e-05	0.0544612666
14	90	7.32767108e-05	0.0586505948
15	94	7.86506047e-05	0.062839923
16	97	8.64577198e-05	0.0670292512
17	101	9.40414286e-05	0.0712185794
18	104	0.000101625092	0.0754079076
19	108	0.000109750221	0.0795972358
20	111	0.000118680708	0.083786564
21	114	0.000133031547	0.0879758922
22	118	0.000148130273	0.0921652204
23	122	0.000164188878	0.0963545486
24	125	0.000180741438	0.100543877
25	129	0.0001980703	0.104733205
26	132	0.000224377488	0.108922533
27	136	0.000251805869	0.113111861
28	139	0.000279513804	0.11730119
29	143	0.000308172175	0.121490518
30	146	0.000337119544	0.125679846
31	150	0.000376615918	0.129869174
32	153	0.000416221293	0.134058502
33	157	0.000456858805	0.138247831
34	160	0.000497908848	0.142437159
35	163	0.000539335602	0.146626487
36	167	0.000581130838	0.150815815
37	170	0.00062329275	0.155005143
38	173	0.000665750847	0.159194472
39	177	0.000708583665	0.1633838
40	180	0.000751691355	0.167573128
41	183	0.000795159019	0.171762456
42	186	0.000838918139	0.175951784
43	190	0.000882996727	0.180141113
44	193	0.000927250954	0.184330441
45	196	0.000971879377	0.188519769
46	200	0.00101658562	0.192709097
47	203	0.0010615075	0.196898425
48	207	0.00110647225	0.201087754
49	210	0.00115174519	0.205277082
50	213	0.00119718611	0.20946641
51	217	0.00124290376	0.213655738
52	220	0.00128878871	0.217845066
53	223	0.00133489641	0.222034395
54	227	0.00138111491	0.226223723
55	230	0.00142752977	0.230413051
56	233	0.00147394009	0.234602379
57	236	0.00152057115	0.238791707
58	240	0.00156719373	0.242981036
59	243	0.00161404733	0.247170364
60	247	0.00166090463	0.251359692
61	251	0.00170800006	0.25554902
62	254	0.00175509598	0.259738348
63	258	0.00180245865	0.263927677
64	261	0.00184982838	0.268117005
65	265	0.0018974423	0.272306333
66	268	0.00194508268	0.276495661
67	272	0.00199298598	0.280684989
68	275	0.00204093409	0.284874318
69	279	0.00208914162	0.289063646
70	282	0.00213737456	0.293252974
71	286	0.00218583033	0.297442302
72	289	0.00223432813	0.30163163
73	293	0.00228310082	0.305820959
74	297	0.00233195016	0.310010287
75	301	0.0023810343	0.314199615
76	305	0.00243022232	0.318388943
77	309	0.00247962593	0.322578271
78	312	0.00252914346	0.3267676
79	316	0.00257888615	0.330956928
80	320	0.00262879553	0.335146256
81	323	0.00267892397	0.339335584
82	327	0.00272918955	0.343524912
83	330	0.00277966841	0.347714241
84	334	0.00283026837	0.351903569
85	337	0.00288110592	0.356092897
86	341	0.00293204625	0.360282225
87	344	0.00298320602	0.364471553
88	347	0.00303447487	0.368660882
89	350	0.00308597454	0.37285021
90	354	0.00313760091	0.377039538
91	357	0.00318947943	0.381228866
92	360	0.00324148201	0.385418195
93	364	0.0032937527	0.389607523
94	367	0.00334619911	0.393796851
95	370	0.00339888309	0.397986179
96	374	0.00345169471	0.402175507
97	377	0.00350476125	0.406364836
98	380	0.00355794459	0.410554164
99	384	0.00361134433	0.414743492
100	387	0.00366470712	0.41893282
101	414	0.00371781761	0.423122148
102	418	0.00377111308	0.427311477
103	421	0.00382442955	0.431500805
104	424	0.00387762411	0.435690133
105	428	0.00393085678	0.439879461
106	431	0.0039842211	0.444068789
107	434	0.00403772327	0.448258118
108	437	0.00409128825	0.452447446
109	441	0.00414481173	0.456636774
110	444	0.00419850246	0.460826102
111	447	0.00425215886	0.46501543
112	451	0.00430575936	0.469204759
113	454	0.00435948806	0.473394087
114	457	0.00441353968	0.477583415
115	461	0.00446726031	0.481772743
116	465	0.00452149798	0.485962071
117	468	0.00457538021	0.4901514
118	472	0.00462965836	0.494340728
119	475	0.00468387277	0.498530056
120	479	0.00473821288	0.502719384
121	482	0.00479253718	0.506908712
122	486	0.00484696779	0.511098041
123	490	0.00490151208	0.515287369
124	493	0.00495602413	0.519476697
125	496	0.00501060867	0.523666025
126	500	0.00506504891	0.527855353
127	503	0.00511987078	0.532044682
128	506	0.0051746957	0.53623401
129	510	0.00522982851	0.540423338
130	513	0.00528485605	0.544612666
131	517	0.0053402275	0.548801994
132	520	0.00539529766	0.552991323
133	524	0.00545069637	0.557180651
134	527	0.00550610522	0.561369979
135	531	0.00556166305	0.565559307
136	535	0.00561693336	0.569748635
137	539	0.00567268731	0.573937964
138	543	0.00572835968	0.578127292
139	547	0.00578429863	0.58231662
140	550	0.00584023096	0.586505948
141	553	0.0058964421	0.590695276
142	557	0.00595287437	0.594884605
143	560	0.00600941322	0.599073933
144	564	0.00606477903	0.603263261
145	568	0.00612187149	0.607452589
146	571	0.00617769493	0.611641917
147	575	0.00623486857	0.615831246
148	579	0.0062910128	0.620020574
149	582	0.00634813028	0.624209902
150	586	0.00640451553	0.62839923
151	589	0.00646157364	0.632588558
152	592	0.00651813266	0.636777887
153	596	0.00657530897	0.640967215
154	599	0.00663212289	0.645156543
155	602	0.00668935101	0.649345871
156	606	0.00674641632	0.653535199
157	609	0.00680372237	0.657724528
158	612	0.00686096947	0.661913856
159	615	0.00691839392	0.666103184
160	619	0.00697592422	0.670292512
161	622	0.00703339817	0.67448184
162	625	0.00709108772	0.678671169
163	629	0.00714858247	0.682860497
164	632	0.00720649035	0.687049825
165	636	0.00726526412	0.691239153
166	639	0.00732265872	0.695428481
167	643	0.00738124041	0.69961781
168	646	0.00743868655	0.703807138
169	649	0.0074972652	0.707996466
170	652	0.00755482076	0.712185794
171	656	0.00761343053	0.716375122
172	659	0.00767110162	0.720564451
173	662	0.00772977302	0.724753779
174	666	0.0077874215	0.728943107
175	669	0.00784620783	0.733132435
176	672	0.00790384265	0.737321763
177	675	0.00796273512	0.741511092
178	679	0.00802045844	0.74570042
179	682	0.00807941121	0.749889748
180	685	0.00813703303	0.754079076
181	689	0.00819587168	0.758268404
182	692	0.00825329263	0.762457733
183	696	0.0083119291	0.766647061
184	699	0.00836898771	0.770836389
185	703	0.00842732313	0.775025717
186	706	0.00848397394	0.779215045
187	709	0.00854200005	0.783404374
188	713	0.00859831567	0.787593702
189	716	0.00865572819	0.79178303
190	721	0.00871253824	0.795972358
191	725	0.00877018877	0.800161686
192	728	0.00882703536	0.804351015
193	732	0.0088848679	0.808540343
194	735	0.00894187456	0.812729671
195	738	0.00899989427	0.816918999
196	742	0.00905708209	0.821108327
197	745	0.00911518117	0.825297656
198	748	0.00917255042	0.829486984
199	752	0.00923076275	0.833676312
200	755	0.00928831771	0.83786564
201	777	0.00934668667	0.842054968
202	780	0.00940437536	0.846244297
203	783	0.00946283049	0.850433625
204	787	0.00952060756	0.854622953
205	790	0.00957918223	0.858812281
206	794	0.00963704246	0.863001609
207	797	0.009695722	0.867190938
208	801	0.00975361447	0.871380266
209	804	0.00981243385	0.875569594
210	808	0.00987023764	0.879758922
211	812	0.00992917704	0.88394825
212	815	0.00998670755	0.888137579
213	819	0.0100458017	0.892326907
214	823	0.0101035587	0.896516235
215	826	0.0101628614	0.900705563
216	829	0.0102208201	0.904894891
217	833	0.0102803039	0.90908422
218	836	0.0103384	0.913273548
219	839	0.0103980408	0.917462876
220	843	0.0104562931	0.921652204
221	846	0.0105160646	0.925841532
222	849	0.0105744458	0.930030861
223	853	0.0106343215	0.934220189
224	857	0.0106928238	0.938409517
225	860	0.0107528274	0.942598845
226	864	0.0108113678	0.946788173
227	868	0.0108714819	0.950977502
228	871	0.0109300517	0.95516683
229	875	0.0109902874	0.959356158
230	878	0.0110489088	0.963545486
231	882	0.0111092025	0.967734814
232	885	0.0111678692	0.971924143
233	889	0.0112283353	0.976113471
234	893	0.01128709	0.980302799
235	896	0.0113476592	0.984492127
236	900	0.0114064184	0.988681455
237	903	0.0114671362	0.992870784
238	906	0.0115258824	0.997060112
239	910	0.0115867591	1.00124944
240	913	0.0116455405	1.00543877
241	916	0.0117064168	1.0096281
242	920	0.0117652655	1.01381742
243	923	0.0118263251	1.01800675
244	926	0.0118852291	1.02219608
245	930	0.0119462419	1.02638541
246	933	0.0120051408	1.03057474
247	936	0.0120662332	1.03476407
248	940	0.0121251585	1.03895339
249	943	0.0121860996	1.04314272
250	946	0.012244756	1.04733205
251	950	0.0123055475	1.05152138
252	953	0.0123642134	1.05571071
253	956	0.0124249424	1.05990003
254	960	0.0124835837	1.06408936
255	963	0.0125443538	1.06827869
256	966	0.0126029812	1.07246802
257	970	0.0126637096	1.07665735
258	973	0.0127223805	1.08084668
259	976	0.012783095	1.085036
260	980	0.0128415983	1.08922533
261	983	0.0129023161	1.09341466
262	987	0.0129608638	1.09760399
263	990	0.0130215434	1.10179332
264	994	0.0130800627	1.10598265
265	998	0.0131407418	1.11017197
266	1001	0.013199262	1.1143613
267	1005	0.013259927	1.11855063
268	1008	0.0133185049	1.12273996
269	1011	0.0133791752	1.12692929
270	1014	0.0134377832	1.13111861
271	1018	0.0134984343	1.13530794
272	1021	0.0135570238	1.13949727
273	1025	0.0136176419	1.1436866
274	1028	0.0136762118	1.14787593
275	1031	0.0137368058	1.15206526
276	1034	0.0137953709	1.15625458
277	1038	0.0138559204	1.16044391
278	1041	0.0139144862	1.16463324
279	1044	0.0139750557	1.16882257
280	1047	0.0140336412	1.1730119
281	1051	0.0140942205	1.17720122
282	1054	0.0141528607	1.18139055
283	1058	0.0142134365	1.18557988
284	1061	0.0142720618	1.18976921
285	1064	0.0143326828	1.19395854
286	1067	0.0143913309	1.19814787
287	1071	0.014452008	1.20233719
288	1074	0.0145106994	1.20652652
289	1077	0.0145714551	1.21071585
290	1081	0.0146301288	1.21490518
291	1084	0.0146909657	1.21909451
292	1088	0.014749664	1.22328383
293	1091	0.0148105474	1.22747316
294	1095	0.0148692444	1.23166249
295	1098	0.0149302899	1.23585182
296	1102	0.0149890614	1.24004115
297	1105	0.0150503259	1.24423048
298	1109	0.0151090746	1.2484198
299	1112	0.0151703722	1.25260913
300	1115	0.0152290095	1.25679846
301	1141	0.015290314	1.26098779
302	1144	0.0153488742	1.26517712
303	1148	0.0154101776	1.26936644
304	1151	0.0154686863	1.27355577
305	1154	0.0155299769	1.2777451
306	1158	0.0155884228	1.28193443
307	1161	0.0156497477	1.28612376
308	1165	0.0157081528	1.29031309
309	1168	0.0157694932	1.29450241
310	1171	0.0158278297	1.29869174
311	1175	0.0158891901	1.30288107
312	1178	0.0159475041	1.3070704
313	1181	0.0160089641	1.31125973
314	1184	0.0160684025	1.31544906
315	1188	0.0161298309	1.31963838
316	1191	0.0161886781	1.32382771
317	1194	0.0162501439	1.32801704
318	1198	0.016308989	1.33220637
319	1201	0.0163707698	1.3363957
320	1205	0.0164297593	1.34058502
321	1208	0.0164915215	1.34477435
322	1211	0.0165504466	1.34896368
323	1215	0.0166121776	1.35315301
324	1218	0.0166710419	1.35734234
325	1221	0.0167328083	1.36153167
326	1225	0.0167916364	1.36572099
327	1228	0.0168534488	1.36991032
328	1231	0.0169120981	1.37409965
329	1234	0.0169736135	1.37828898
330	1238	0.0170322698	1.38247831
331	1241	0.0170938374	1.38666763
332	1245	0.0171525034	1.39085696
333	1248	0.0172141301	1.39504629
334	1252	0.0172729671	1.39923562
335	1255	0.0173347821	1.40342495
336	1258	0.0173935843	1.40761428
337	1262	0.017454994	1.4118036
338	1265	0.0175139201	1.41599293
339	1269	0.0175754297	1.42018226
340	1272	0.0176341882	1.42437159
341	1275	0.017695622	1.42856092
342	1279	0.0177543264	1.43275024
343	1282	0.0178139731	1.43693957
344	1285	0.017874139	1.4411289
345	1289	0.0179340335	1.44531823
346	1292	0.0179943882	1.44950756
347	1296	0.0180545137	1.45369689
348	1299	0.0181151188	1.45788621
349	1303	0.0181753888	1.46207554
350	1306	0.018236182	1.46626487
351	1310	0.0182971909	1.4704542
352	1313	0.0183580429	1.47464353
353	1316	0.0184191059	1.47883286
354	1320	0.0184800125	1.48302218
355	1323	0.0185411068	1.48721151
356	1327	0.0186018963	1.49140084
357	1330	0.0186627452	1.49559017
358	1333	0.0187233394	1.4997795
359	1336	0.0187840426	1.50396882
360	1340	0.018844598	1.50815815
361	1343	0.0189053086	1.51234748
362	1346	0.0189658103	1.51653681
363	1350	0.0190264457	1.52072614
364	1353	0.0190868784	1.52491547
365	1357	0.0191474	1.52910479
366	1360	0.0192078393	1.53329412
367	1363	0.0192683737	1.53748345
368	1367	0.0193287413	1.54167278
369	1371	0.019389235	1.54586211
370	1374	0.0194495908	1.55005143
371	1377	0.019510048	1.55424076
372	1381	0.019570361	1.55843009
373	1384	0.0196307661	1.56261942
374	1388	0.0196910637	1.56680875
375	1391	0.0197514929	1.57099808
376	1394	0.0198120325	1.5751874
377	1398	0.0198726257	1.57937673
378	1401	0.0199332763	1.58356606
379	1404	0.0199938072	1.58775539
380	1407	0.0200543142	1.59194472
381	1411	0.0201149228	1.59613404
382	1414	0.020175522	1.60032337
383	1417	0.0202360236	1.6045127
384	1421	0.0202964111	1.60870203
385	1424	0.020356698	1.61289136
386	1427	0.020416992	1.61708069
387	1431	0.0204771675	1.62127001
388	1434	0.0205372931	1.62545934
389	1437	0.0205973178	1.62964867
390	1441	0.0206572396	1.633838
391	1444	0.0207170936	1.63802733
392	1447	0.0207769863	1.64221665
393	1451	0.0208368057	1.64640598
394	1454	0.0208966117	1.65059531
395	1457	0.0209563296	1.65478464
396	1461	0.021016078	1.65897397
397	1464	0.0210757327	1.6631633
398	1467	0.0211354242	1.66735262
399	1470	0.0211950341	1.67154195
400	1474	0.0212547245	1.67573128
401	1495	0.0213143338	1.67992061
402	1498	0.0213739676	1.68410994
403	1501	0.0214335355	1.68829927
404	1504	0.0214931495	1.69248859
405	1508	0.0215526694	1.69667792
406	1511	0.0216122418	1.70086725
407	1514	0.021671735	1.70505658
408	1517	0.0217314634	1.70924591
409	1521	0.0217910418	1.71343523
410	1524	0.0218506723	1.71762456
411	1527	0.0219101981	1.72181389
412	1531	0.0219697415	1.72600322
413	1534	0.022029176	1.73019255
414	1537	0.0220886572	1.73438188
415	1541	0.0221480221	1.7385712
416	1544	0.0222074208	1.74276053
417	1547	0.0222667073	1.74694986
418	1551	0.0223260608	1.75113919
419	1554	0.0223852839	1.75532852
420	1557	0.0224445726	1.75951784
421	1561	0.022503728	1.76370717
422	1564	0.0225629769	1.7678965
423	1567	0.022622099	1.77208583
424	1570	0.0226813097	1.77627516
425	1574	0.0227403867	1.78046449
426	1577	0.0227995832	1.78465381
427	1580	0.0228586443	1.78884314
428	1584	0.0229178196	1.79303247
429	1587	0.022976841	1.7972218
430	1591	0.0230359954	1.80141113
431	1594	0.0230949828	1.80560045
432	1598	0.0231541212	1.80978978
433	1601	0.0232131264	1.81397911
434	1605	0.0232722553	1.81816844
435	1608	0.0233312441	1.82235777
436	1612	0.023390362	1.8265471
437	1615	0.0234493376	1.83073642
438	1619	0.0235084269	1.83492575
439	1622	0.0235673741	1.83911508
440	1625	0.0236264544	1.84330441
441	1629	0.0236854383	1.84749374
442	1632	0.0237445027	1.85168306
443	1635	0.0238034691	1.85587239
444	1639	0.0238625701	1.86006172
445	1642	0.0239215295	1.86425105
446	1645	0.0239804986	1.86844038
447	1649	0.0240395115	1.87262971
448	1652	0.0240986547	1.87681903
449	1655	0.0241576814	1.88100836
450	1659	0.0242167223	1.88519769
451	1662	0.0242758424	1.88938702
452	1665	0.0243350902	1.89357635
453	1669	0.024394058	1.89776568
454	1672	0.0244534155	1.901955
455	1676	0.0245124928	1.90614433
456	1679	0.0245718392	1.91033366
457	1682	0.0246309171	1.91452299
458	1686	0.0246902692	1.91871232
459	1689	0.0247494129	1.92290164
460	1692	0.0248087859	1.92709097
461	1696	0.0248680201	1.9312803
462	1699	0.0249274687	1.93546963
463	1702	0.0249867202	1.93965896
464	1706	0.025046193	1.94384829
465	1709	0.02510546	1.94803761
466	1712	0.0251649086	1.95222694
467	1716	0.0252241809	1.95641627
468	1719	0.0252836688	1.9606056
469	1723	0.0253428826	1.96479493
470	1726	0.0254022171	1.96898425
471	1729	0.0254610845	1.97317358
472	1733	0.0255199403	1.97736291
473	1736	0.0255785526	1.98155224
474	1740	0.025637547	1.98574157
475	1743	0.025696331	1.9899309
476	1747	0.0257552458	1.99412022
477	1750	0.0258142651	1.99830955
478	1753	0.0258732282	2.00249888
479	1757	0.0259321795	2.00668821
480	1760	0.0259911803	2.01087754
481	1763	0.0260501687	2.01506686
482	1767	0.0261092039	2.01925619
483	1770	0.0261682548	2.02344552
484	1773	0.026227306	2.02763485
485	1776	0.0262863932	2.03182418
486	1780	0.0263455018	2.03601351
487	1783	0.0264046253	2.04020283
488	1787	0.0264637568	2.04439216
489	1790	0.0265229088	2.04858149
490	1793	0.0265821262	2.05277082
491	1796	0.0266412937	2.05696015
492	1800	0.0267004481	2.06114947
493	1803	0.0267595971	2.0653388
494	1806	0.0268187707	2.06952813
495	1810	0.0268779471	2.07371746
496	1814	0.0269371248	2.07790679
497	1817	0.0269963398	2.08209612
498	1821	0.0270555844	2.08628544
499	1824	0.0271149331	2.09047477
500	1828	0.0271742208	2.0946641
501	1854	0.0272336467	2.09885343
502	1858	0.0272930577	2.10304276
503	1861	0.0273525482	2.10723209
504	1864	0.0274120234	2.11142141
505	1867	0.0274715597	2.11561074
506	1871	0.0275310918	2.11980007
507	1874	0.0275907007	2.1239894
508	1877	0.0276503353	2.12817873
509	1881	0.0277100455	2.13236805
510	1884	0.0277697555	2.13655738
511	1887	0.0278295236	2.14074671
512	1891	0.0278893371	2.14493604
513	1894	0.0279492212	2.14912537
514	1897	0.0280091256	2.1533147
515	1901	0.028069085	2.15750402
516	1904	0.0281290571	2.16169335
517	1907	0.0281890881	2.16588268
518	1911	0.0282491151	2.17007201
519	1914	0.0283092083	2.17426134
520	1917	0.028369316	2.17845066
521	1921	0.0284295143	2.18263999
522	1924	0.028489688	2.18682932
523	1928	0.0285499693	2.19101865
524	1931	0.0286102339	2.19520798
525	1935	0.0286705236	2.19939731
526	1938	0.0287307075	2.20358663
527	1941	0.0287908633	2.20777596
528	1945	0.0288511577	2.21196529
529	1948	0.0289113542	2.21615462
530	1951	0.0289715365	2.22034395
531	1955	0.0290317419	2.22453327
532	1958	0.0290919684	2.2287226
533	1961	0.0291522798	2.23291193
534	1965	0.0292125878	2.23710126
535	1968	0.0292729063	2.24129059
536	1971	0.0293332591	2.24547992
537	1975	0.0293936521	2.24966924
538	1978	0.0294540771	2.25385857
539	1981	0.0295145185	2.2580479
540	1985	0.029575042	2.26223723
541	1988	0.029635554	2.26642656
542	1991	0.0296961612	2.27061589
543	1995	0.029756693	2.27480521
544	1998	0.0298174626	2.27899454
545	2001	0.0298781121	2.28318387
546	2005	0.0299389419	2.2873732
547	2008	0.0299996141	2.29156253
548	2011	0.03006036	2.29575185
549	2015	0.0301213346	2.29994118
550	2018	0.0301821691	2.30413051
551	2021	0.0302430845	2.30831984
552	2025	0.0303041988	2.31250917
553	2028	0.0303651639	2.3166985
554	2032	0.0304261512	2.32088782
555	2035	0.0304871743	2.32507715
556	2039	0.0305482116	2.32926648
557	2042	0.0306093488	2.33345581
558	2046	0.0306705103	2.33764514
559	2049	0.0307316942	2.34183446
560	2053	0.0307929102	2.34602379
561	2056	0.030854205	2.35021312
562	2059	0.0309155461	2.35440245
563	2063	0.0309769107	2.35859178
564	2066	0.0310382749	2.36278111
565	2069	0.0310995401	2.36697043
566	2073	0.0311607072	2.37115976
567	2076	0.0312218322	2.37534909
568	2079	0.031282942	2.37953842
569	2083	0.0313440442	2.38372775
570	2086	0.0314051829	2.38791707
571	2089	0.0314663728	2.3921064
572	2093	0.0315275863	2.39629573
573	2096	0.0315888512	2.40048506
574	2099	0.0316501788	2.40467439
575	2103	0.0317115093	2.40886372
576	2106	0.0317729154	2.41305304
577	2109	0.0318343418	2.41724237
578	2113	0.0318958278	2.4214317
579	2116	0.0319573321	2.42562103
580	2119	0.0320187588	2.42981036
581	2123	0.0320801258	2.43399968
582	2126	0.0321415022	2.43818901
583	2129	0.0322028973	2.44237834
584	2133	0.0322643521	2.44656767
585	2136	0.0323258102	2.450757
586	2139	0.0323872973	2.45494633
587	2143	0.0324487916	2.45913565
588	2146	0.0325102972	2.46332498
589	2149	0.0325718156	2.46751431
590	2153	0.0326332086	2.47170364
591	2156	0.0326944369	2.47589297
592	2159	0.0327555467	2.4800823
593	2162	0.0328170336	2.48427162
594	2166	0.0328786772	2.48846095
595	2169	0.0329404032	2.49265028
596	2172	0.0330021275	2.49683961
597	2176	0.0330637512	2.50102894
598	2179	0.0331255765	2.50521826
599	2183	0.0331874774	2.50940759
600	2186	0.0332493231	2.51359692
601	2208	0.0333112687	2.51778625
602	2212	0.0333731983	2.52197558
603	2215	0.0334352139	2.52616491
604	2219	0.0334972267	2.53035423
605	2222	0.0335593213	2.53454356
606	2225	0.0336214208	2.53873289
607	2228	0.0336835967	2.54292222
608	2232	0.0337457854	2.54711155
609	2235	0.0338080514	2.55130087
610	2238	0.033870332	2.5554902
611	2242	0.0339326951	2.55967953
612	2245	0.0339950737	2.56386886
613	2248	0.0340575197	2.56805819
614	2252	0.0341199922	2.57224752
615	2255	0.03418252	2.57643684
616	2258	0.0342450711	2.58062617
617	2262	0.0343076905	2.5848155
618	2265	0.034370328	2.58900483
619	2268	0.0344330377	2.59319416
620	2272	0.0344957688	2.59738348
621	2275	0.034558569	2.60157281
622	2279	0.0346213781	2.60576214
623	2282	0.0346842614	2.60995147
624	2285	0.034747154	2.6141408
625	2289	0.0348101285	2.61833013
626	2292	0.0348731139	2.62251945
627	2295	0.0349361802	2.62670878
628	2299	0.0349992512	2.63089811
629	2302	0.0350624018	2.63508744
630	2305	0.0351255481	2.63927677
631	2308	0.0351887715	2.64346609
632	2312	0.035252003	2.64765542
633	2315	0.0353153175	2.65184475
634	2318	0.035378637	2.65603408
635	2322	0.0354420353	2.66022341
636	2325	0.0355054341	2.66441274
637	2328	0.0355689085	2.66860206
638	2332	0.0356323782	2.67279139
639	2335	0.0356959284	2.67698072
640	2338	0.0357594822	2.68117005
641	2342	0.0358231098	2.68535938
642	2345	0.0358867396	2.68954871
643	2348	0.0359504475	2.69373803
644	2352	0.0360141541	2.69792736
645	2355	0.0360779312	2.70211669
646	2358	0.0361417133	2.70630602
647	2362	0.0362055722	2.71049535
648	2365	0.0362694366	2.71468467
649	2368	0.0363333456	2.718874
650	2372	0.036397275	2.72306333
651	2375	0.036461241	2.72725266
652	2378	0.0365252456	2.73144199
653	2382	0.0365892736	2.73563132
654	2385	0.0366533425	2.73982064
655	2389	0.0367174381	2.74400997
656	2392	0.0367815709	2.7481993
657	2396	0.0368457384	2.75238863
658	2399	0.0369099447	2.75657796
659	2403	0.0369741814	2.76076728
660	2406	0.0370384525	2.76495661
661	2409	0.0371027355	2.76914594
662	2413	0.0371670459	2.77333527
663	2416	0.0372313697	2.7775246
664	2419	0.0372957356	2.78171393
665	2423	0.0373600981	2.78590325
666	2426	0.0374245152	2.79009258
667	2429	0.0374889306	2.79428191
668	2433	0.0375533941	2.79847124
669	2436	0.0376178566	2.80266057
670	2440	0.0376823474	2.80684989
671	2443	0.0377468416	2.81103922
672	2447	0.0378113509	2.81522855
673	2450	0.0378759081	2.81941788
674	2454	0.0379405312	2.82360721
675	2458	0.0380051305	2.82779654
676	2461	0.0380697466	2.83198586
677	2465	0.038134427	2.83617519
678	2468	0.0381991002	2.84036452
679	2472	0.0382638142	2.84455385
680	2475	0.0383285063	2.84874318
681	2478	0.0383932595	2.8529325
682	2482	0.0384579831	2.85712183
683	2485	0.0385227763	2.86131116
684	2488	0.0385875445	2.86550049
685	2492	0.0386523725	2.86968982
686	2495	0.0387171758	2.87387915
687	2498	0.038782057	2.87806847
688	2502	0.0388469128	2.8822578
689	2505	0.0389118235	2.88644713
690	2509	0.0389767325	2.89063646
691	2512	0.03904169	2.89482579
692	2515	0.0391066305	2.89901512
693	2519	0.0391716513	2.90320444
694	2522	0.0392366483	2.90739377
695	2525	0.0393017024	2.9115831
696	2529	0.0393667493	2.91577243
697	2532	0.0394318492	2.91996176
698	2535	0.0394969376	2.92415108
699	2539	0.0395620798	2.92834041
700	2542	0.0396272089	2.93252974
701	2560	0.0396924181	2.93671907
702	2564	0.0397576038	2.9409084
703	2567	0.0398228431	2.94509773
704	2570	0.0398880353	2.94928705
705	2573	0.0399532397	2.95347638
706	2577	0.0400184311	2.95766571
707	2580	0.0400836827	2.96185504
708	2584	0.0401489187	2.96604437
709	2587	0.0402141944	2.97023369
710	2590	0.0402794948	2.97442302
711	2593	0.0403448226	2.97861235
712	2597	0.0404101494	2.98280168
713	2600	0.0404755305	2.98699101
714	2604	0.0405409073	2.99118034
715	2607	0.0406063443	2.99536966
716	2610	0.0406717706	2.99955899
717	2614	0.0407372416	3.00374832
718	2617	0.0408027336	3.00793765
719	2620	0.0408682615	3.01212698
720	2624	0.0409337794	3.0163163
721	2627	0.0409993407	3.02050563
722	2630	0.0410649006	3.02469496
723	2634	0.0411305025	3.02888429
724	2637	0.0411961116	3.03307362
725	2641	0.041261757	3.03726295
726	2644	0.0413273871	3.04145227
727	2647	0.0413930656	3.0456416
728	2651	0.0414587534	3.04983093
729	2657	0.0415244798	3.05402026
730	2661	0.0415901885	3.05820959
731	2665	0.041655943	3.06239892
732	2668	0.0417217037	3.06658824
733	2671	0.0417875042	3.07077757
734	2675	0.041853297	3.0749669
735	2678	0.0419191321	3.07915623
736	2681	0.0419849703	3.08334556
737	2685	0.0420508511	3.08753488
738	2688	0.0421167179	3.09172421
739	2692	0.0421826319	3.09591354
740	2695	0.0422485519	3.10010287
741	2698	0.0423145257	3.1042922
742	2702	0.0423804733	3.10848153
743	2705	0.0424464611	3.11267085
744	2709	0.0425124336	3.11686018
745	2712	0.0425784561	3.12104951
746	2715	0.0426444745	3.12523884
747	2719	0.0427105402	3.12942817
748	2722	0.0427765837	3.13361749
749	2725	0.0428426743	3.13780682
750	2729	0.0429087706	3.14199615
751	2732	0.0429749172	3.14618548
752	2736	0.0430410412	3.15037481
753	2739	0.0431072248	3.15456414
754	2742	0.0431733874	3.15875346
755	2746	0.0432395974	3.16294279
756	2749	0.0433058138	3.16713212
757	2752	0.0433720793	3.17132145
758	2756	0.0434383236	3.17551078
759	2759	0.0435046239	3.1797001
760	2763	0.0435709275	3.18388943
761	2766	0.0436372678	3.18807876
762	2769	0.0437035918	3.19226809
763	2773	0.0437699634	3.19645742
764	2776	0.0438363304	3.20064675
765	2780	0.0439027411	3.20483607
766	2783	0.0439691249	3.2090254
767	2787	0.0440355593	3.21321473
768	2790	0.0441019665	3.21740406
769	2794	0.0441684121	3.22159339
770	2797	0.0442348369	3.22578271
771	2800	0.0443013077	3.22997204
772	2804	0.0443677605	3.23416137
773	2807	0.0444342676	3.2383507
774	2811	0.0445007468	3.24254003
775	2814	0.0445672795	3.24672936
776	2817	0.044633775	3.25091868
777	2821	0.0447002981	3.25510801
778	2824	0.0447667997	3.25929734
779	2827	0.0448333523	3.26348667
780	2831	0.0448998588	3.267676
781	2834	0.0449664214	3.27186533
782	2837	0.0450329616	3.27605465
783	2841	0.045099547	3.28024398
784	2844	0.0451660995	3.28443331
785	2848	0.0452327054	3.28862264
786	2851	0.0452992927	3.29281197
787	2854	0.0453659264	3.29700129
788	2858	0.0454325335	3.30119062
789	2861	0.0454991893	3.30537995
790	2864	0.045565829	3.30956928
791	2868	0.0456325282	3.31375861
792	2871	0.0456992014	3.31794794
793	2874	0.0457659212	3.32213726
794	2878	0.0458326421	3.32632659
795	2881	0.0458994128	3.33051592
796	2884	0.0459661515	3.33470525
797	2888	0.0460329503	3.33889458
798	2891	0.0460997331	3.3430839
799	2894	0.0461665566	3.34727323
800	2898	0.0462333628	3.35146256
801	2913	0.0463002203	3.35565189
802	2916	0.0463670499	3.35984122
803	2919	0.0464339384	3.36403055
804	2923	0.0465007981	3.36821987
805	2926	0.0465676971	3.3724092
806	2929	0.0466345805	3.37659853
807	2933	0.0467015073	3.38078786
808	2936	0.046768394	3.38497719
809	2940	0.0468353397	3.38916651
810	2943	0.0469022588	3.39335584
811	2946	0.0469692192	3.39754517
812	2949	0.0470361562	3.4017345
813	2953	0.0471031486	3.40592383
814	2956	0.0471700962	3.41011316
815	2959	0.0472371127	3.41430248
816	2963	0.0473041027	3.41849181
817	2966	0.047371137	3.42268114
818	2970	0.0474381531	3.42687047
819	2973	0.0475052221	3.4310598
820	2976	0.0475722523	3.43524912
821	2979	0.0476393286	3.43943845
822	2983	0.0477063725	3.44362778
823	2986	0.0477734686	3.44781711
824	2989	0.0478405227	3.45200644
825	2993	0.0479076378	3.45619577
826	2996	0.0479747171	3.46038509
827	2999	0.0480418402	3.46457442
828	3003	0.0481089421	3.46876375
829	3006	0.0481760999	3.47295308
830	3009	0.0482432215	3.47714241
831	3014	0.0483103919	3.48133174
832	3018	0.0483775312	3.48552106
833	3021	0.048444725	3.48971039
834	3024	0.0485118819	3.49389972
835	3028	0.0485790981	3.49808905
836	3031	0.04864628	3.50227838
837	3034	0.0487135017	3.5064677
838	3038	0.0487807014	3.51065703
839	3041	0.0488479513	3.51484636
840	3044	0.0489151638	3.51903569
841	3048	0.0489824183	3.52322502
842	3051	0.0490496455	3.52741435
843	3054	0.0491169117	3.53160367
844	3058	0.049184148	3.535793
845	3061	0.0492514203	3.53998233
846	3064	0.0493186547	3.54417166
847	3068	0.0493859391	3.54836099
848	3071	0.0494531913	3.55255031
849	3074	0.0495204749	3.55673964
850	3078	0.0495877388	3.56092897
851	3081	0.0496550507	3.5651183
852	3084	0.0497223237	3.56930763
853	3088	0.0497896369	3.57349696
854	3091	0.0498569227	3.57768628
855	3095	0.0499242593	3.58187561
856	3100	0.049991548	3.58606494
857	3104	0.0500588794	3.59025427
858	3109	0.0501261834	3.5944436
859	3114	0.0501935391	3.59863292
860	3119	0.0502608489	3.60282225
861	3125	0.0503282178	3.60701158
862	3130	0.0503955513	3.61120091
863	3135	0.0504629247	3.61539024
864	3141	0.0505302704	3.61957957
865	3146	0.0505976639	3.62376889
866	3151	0.050665023	3.62795822
867	3157	0.0507324101	3.63214755
868	3163	0.0507997565	3.63633688
869	3169	0.0508671528	3.64052621
870	3174	0.050934504	3.64471553
871	3180	0.051001899	3.64890486
872	3186	0.0510692545	3.65309419
873	3191	0.0511366455	3.65728352
874	3197	0.051204	3.66147285
875	3203	0.0512713996	3.66566218
876	3209	0.0513387542	3.6698515
877	3215	0.0514061614	3.67404083
878	3221	0.0514735319	3.67823016
879	3226	0.0515409405	3.68241949
880	3231	0.0516083032	3.68660882
881	3238	0.0516757176	3.69079815
882	3244	0.0517430809	3.69498747
883	3250	0.0518104788	3.6991768
884	3255	0.0518778468	3.70336613
885	3261	0.0519452517	3.70755546
886	3267	0.0520126069	3.71174479
887	3273	0.0520800186	3.71593411
888	3279	0.0521473941	3.72012344
889	3284	0.0522148086	3.72431277
890	3290	0.0522821992	3.7285021
891	3296	0.0523496426	3.73269143
892	3301	0.0524170052	3.73688076
893	3307	0.0524844206	3.74107008
894	3312	0.0525517435	3.74525941
895	3318	0.0526191275	3.74944874
896	3324	0.052686476	3.75363807
897	3329	0.0527538808	3.7578274
898	3335	0.0528212324	3.76201672
899	3340	0.0528886433	3.76620605
900	3345	0.0529559924	3.77039538
901	3367	0.0530233953	3.77458471
902	3373	0.0530907598	3.77877404
903	3378	0.0531582034	3.78296337
904	3384	0.0532256031	3.78715269
905	3391	0.0532930688	3.79134202
906	3397	0.0533604672	3.79553135
907	3403	0.0534279294	3.79972068
908	3408	0.0534953745	3.80391001
909	3414	0.0535628684	3.80809933
910	3419	0.0536303275	3.81228866
911	3425	0.0536978492	3.81647799
912	3430	0.0537653436	3.82066732
913	3436	0.0538328592	3.82485665
914	3441	0.0539003311	3.82904598
915	3447	0.0539678551	3.8332353
916	3452	0.0540353333	3.83742463
917	3457	0.0541028795	3.84161396
918	3463	0.0541703754	3.84580329
919	3468	0.0542379365	3.84999262
920	3473	0.0543054648	3.85418195
921	3479	0.0543730426	3.85837127
922	3484	0.0544405737	3.8625606
923	3489	0.0545081826	3.86674993
924	3495	0.0545757456	3.87093926
925	3500	0.0546433688	3.87512859
926	3506	0.0547109597	3.87931791
927	3511	0.0547786082	3.88350724
928	3517	0.0548462191	3.88769657
929	3522	0.0549139057	3.8918859
930	3528	0.0549815484	3.89607523
931	3534	0.0550492607	3.90026456
932	3539	0.055116939	3.90445388
933	3544	0.0551846769	3.90864321
934	3550	0.0552523706	3.91283254
935	3555	0.0553201381	3.91702187
936	3561	0.0553878768	3.9212112
937	3567	0.055455674	3.92540052
938	3573	0.0555234395	3.92958985
939	3580	0.0555912787	3.93377918
940	3586	0.0556590724	3.93796851
941	3593	0.0557269385	3.94215784
942	3600	0.0557947723	3.94634717
943	3606	0.0558626741	3.95053649
944	3613	0.0559305276	3.95472582
945	3620	0.055998454	3.95891515
946	3626	0.0560663484	3.96310448
947	3633	0.0561343096	3.96729381
948	3640	0.0562022263	3.97148313
949	3647	0.0562702145	3.97567246
950	3654	0.0563381682	3.97986179
951	3662	0.0564061914	3.98405112
952	3668	0.056474164	3.98824045
953	3676	0.056542208	3.99242978
954	3682	0.0566102195	3.9966191
955	3689	0.0566783004	4.00080843
956	3695	0.0567463311	4.00499776
957	3702	0.0568144343	4.00918709
958	3709	0.056882505	4.01337642
959	3716	0.0569506254	4.01756574
960	3722	0.0570186998	4.02175507
961	3729	0.0570868711	4.0259444
962	3735	0.0571550269	4.03013373
963	3742	0.057223252	4.03432306
964	3749	0.0572914308	4.03851239
965	3756	0.0573596785	4.04270171
966	3762	0.0574278649	4.04689104
967	3770	0.0574961317	4.05108037
968	3777	0.0575643643	4.0552697
969	3784	0.0576326601	4.05945903
970	3790	0.0577009336	4.06364836
971	3797	0.0577692515	4.06783768
972	3804	0.0578375074	4.07202701
973	3811	0.0579058531	4.07621634
974	3817	0.0579741532	4.08040567
975	3824	0.0580425282	4.084595
976	3831	0.0581108584	4.08878432
977	3838	0.0581792554	4.09297365
978	3845	0.0582476062	4.09716298
979	3852	0.0583160428	4.10135231
980	3859	0.0583843941	4.10554164
981	3866	0.0584528613	4.10973097
982	3874	0.0585212288	4.11392029
983	3880	0.0585896729	4.11810962
984	3887	0.058658077	4.12229895
985	3894	0.0587265814	4.12648828
986	3901	0.0587950056	4.13067761
987	3908	0.0588635323	4.13486693
988	3915	0.0589319845	4.13905626
989	3923	0.0590004926	4.14324559
990	3929	0.0590689173	4.14743492
991	3936	0.0591374268	4.15162425
992	3943	0.0592058417	4.15581358
993	3950	0.0592743126	4.1600029
994	3956	0.0593427324	4.16419223
995	3964	0.0594112683	4.16838156
996	3971	0.0594797269	4.17257089
997	3977	0.0595482755	4.17676022
998	3984	0.0596167696	4.18094954
999	3991	0.0596852981	4.18513887
1000	3998	0.0597537768	4.1893282
1001	4022	0.0598223127	4.19351753
1002	4029	0.0598907542	4.19770686
1003	4037	0.0599592515	4.20189619
1004	4044	0.0600277127	4.20608551
1005	4051	0.060096243	4.21027484
1006	4057	0.0601646612	4.21446417
1007	4064	0.0602331497	4.2186535
1008	4071	0.0603015772	4.22284283
1009	4078	0.0603701107	4.22703215
1010	4085	0.0604385582	4.23122148
1011	4091	0.0605070851	4.23541081
1012	4097	0.0605755591	4.23960014
1013	4104	0.0606440658	4.24378947
1014	4111	0.0607125092	4.2479788
1015	4117	0.0607810188	4.25216812
1016	4124	0.0608494236	4.25635745
1017	4130	0.0609178935	4.26054678
1018	4136	0.0609862904	4.26473611
1019	4143	0.0610547697	4.26892544
1020	4150	0.0611231119	4.27311477
1021	4157	0.0611915305	4.27730409
1022	4164	0.0612598788	4.28149342
1023	4171	0.0613283278	4.28568275
1024	4178	0.0613966437	4.28987208
1025	4185	0.0614650567	4.29406141
1026	4192	0.0615334081	4.29825073
1027	4199	0.0616017852	4.30244006
1028	4205	0.0616701011	4.30662939
1029	4212	0.0617384886	4.31081872
1030	4220	0.0618067513	4.31500805
1031	4227	0.0618750925	4.31919738
1032	4234	0.0619433265	4.3233867
1033	4241	0.0620116403	4.32757603
1034	4248	0.062079834	4.33176536
1035	4255	0.0621480928	4.33595469
1036	4262	0.0622162849	4.34014402
1037	4268	0.0622845701	4.34433334
1038	4275	0.0623527526	4.34852267
1039	4282	0.0624210308	4.352712
1040	4289	0.062489237	4.35690133
1041	4295	0.0625574787	4.36109066
1042	4302	0.0626256204	4.36527999
1043	4309	0.062693819	4.36946931
1044	4316	0.0627619533	4.37365864
1045	4323	0.0628301492	4.37784797
1046	4330	0.062898209	4.3820373
1047	4338	0.0629663434	4.38622663
1048	4345	0.0630343901	4.39041595
1049	4352	0.0631025374	4.39460528
1050	4360	0.0631705642	4.39879461
1051	4367	0.0632386961	4.40298394
1052	4375	0.0633067283	4.40717327
1053	4382	0.0633748209	4.4113626
1054	4390	0.0634427846	4.41555192
1055	4397	0.0635108299	4.41974125
1056	4404	0.0635787504	4.42393058
1057	4411	0.0636467515	4.42811991
1058	4418	0.0637146359	4.43230924
1059	4426	0.063782581	4.43649857
1060	4433	0.0638504289	4.44068789
1061	4440	0.0639183776	4.44487722
1062	4447	0.0639862216	4.44906655
1063	4453	0.0640541518	4.45325588
1064	4460	0.0641219863	4.45744521
1065	4467	0.0641898861	4.46163453
1066	4474	0.0642576655	4.46582386
1067	4481	0.0643255126	4.47001319
1068	4488	0.0643932532	4.47420252
1069	4495	0.0644610643	4.47839185
1070	4502	0.0645287515	4.48258118
1071	4509	0.064596501	4.4867705
1072	4516	0.0646641731	4.49095983
1073	4524	0.0647319351	4.49514916
1074	4530	0.0647995951	4.49933849
1075	4537	0.0648673413	4.50352782
1076	4544	0.0649349963	4.50771714
1077	4550	0.0650027224	4.51190647
1078	4558	0.0650703302	4.5160958
1079	4564	0.0651380069	4.52028513
1080	4572	0.0652055817	4.52447446
1081	4580	0.065273234	4.52866379
1082	4588	0.0653407612	4.53285311
1083	4595	0.0654083586	4.53704244
1084	4601	0.0654758798	4.54123177
1085	4608	0.0655434842	4.5454211
1086	4615	0.0656109764	4.54961043
1087	4621	0.065678573	4.55379975
1088	4628	0.0657460766	4.55798908
1089	4634	0.0658136536	4.56217841
1090	4641	0.0658810902	4.56636774
1091	4648	0.0659486157	4.57055707
1092	4655	0.0660160324	4.5747464
1093	4661	0.0660835183	4.57893572
1094	4668	0.0661508849	4.58312505
1095	4675	0.0662183391	4.58731438
1096	4682	0.0662857162	4.59150371
1097	4689	0.0663531844	4.59569304
1098	4696	0.0664205324	4.59988236
1099	4703	0.0664879822	4.60407169
1100	4709	0.0665553371	4.60826102
1101	4735	0.0666227741	4.61245035
1102	4741	0.066690094	4.61663968
1103	4748	0.0667575059	4.62082901
1104	4756	0.0668247908	4.62501833
1105	4762	0.066892164	4.62920766
1106	4769	0.0669594294	4.63339699
1107	4776	0.0670268033	4.63758632
1108	4782	0.0670940934	4.64177565
1109	4789	0.0671614385	4.64596498
1110	4795	0.0672287011	4.6501543
1111	4802	0.0672960453	4.65434363
1112	4809	0.0673632682	4.65853296
1113	4816	0.0674305638	4.66272229
1114	4823	0.0674977625	4.66691162
1115	4831	0.0675650626	4.67110094
1116	4839	0.0676322779	4.67529027
1117	4845	0.0676995267	4.6794796
1118	4852	0.0677667	4.68366893
1119	4859	0.0678339623	4.68785826
1120	4865	0.0679011711	4.69204759
1121	4872	0.0679684457	4.69623691
1122	4879	0.0680356524	4.70042624
1123	4886	0.0681029468	4.70461557
1124	4893	0.0681701514	4.7088049
1125	4899	0.0682373961	4.71299423
1126	4906	0.0683045465	4.71718355
1127	4912	0.0683717695	4.72137288
1128	4919	0.0684389166	4.72556221
1129	4926	0.0685061506	4.72975154
1130	4933	0.0685732834	4.73394087
1131	4940	0.0686404424	4.7381302
1132	4946	0.0687075439	4.74231952
1133	4953	0.0687747348	4.74650885
1134	4960	0.0688418655	4.75069818
1135	4966	0.0689090723	4.75488751
1136	4973	0.0689762333	4.75907684
1137	4980	0.0690434743	4.76326616
1138	4986	0.069110635	4.76745549
1139	4992	0.0691778501	4.77164482
1140	4999	0.0692449738	4.77583415
1141	5005	0.0693121787	4.78002348
1142	5012	0.0693793205	4.78421281
1143	5019	0.0694465469	4.78840213
1144	5026	0.0695136833	4.79259146
1145	5033	0.0695808478	4.79678079
1146	5040	0.0696479624	4.80097012
1147	5047	0.0697151673	4.80515945
1148	5054	0.0697823236	4.80934877
1149	5061	0.0698495473	4.8135381
1150	5068	0.0699167303	4.81772743
1151	5075	0.0699839889	4.82191676
1152	5082	0.0700511817	4.82610609
1153	5090	0.0701184121	4.83029542
1154	5097	0.0701855591	4.83448474
1155	5103	0.0702527873	4.83867407
1156	5111	0.0703199593	4.8428634
1157	5119	0.0703872049	4.84705273
1158	5125	0.0704543673	4.85124206
1159	5132	0.0705215736	4.85543139
1160	5139	0.0705887126	4.85962071
1161	5146	0.0706559625	4.86381004
1162	5153	0.0707231479	4.86799937
1163	5160	0.0707903971	4.8721887
1164	5167	0.0708575969	4.87637803
1165	5175	0.0709248926	4.88056735
1166	5183	0.0709921015	4.88475668
1167	5190	0.0710593635	4.88894601
1168	5197	0.0711265594	4.89313534
1169	5204	0.0711938231	4.89732467
1170	5210	0.0712610342	4.901514
1171	5217	0.0713283459	4.90570332
1172	5224	0.0713955739	4.90989265
1173	5231	0.0714628486	4.91408198
1174	5238	0.0715300554	4.91827131
1175	5246	0.0715973894	4.92246064
1176	5253	0.0716646562	4.92664996
1177	5260	0.0717319776	4.93083929
1178	5267	0.0717992655	4.93502862
1179	5273	0.071866647	4.93921795
1180	5280	0.0719339539	4.94340728
1181	5288	0.0720013195	4.94759661
1182	5295	0.0720686196	4.95178593
1183	5302	0.0721359997	4.95597526
1184	5309	0.0722033048	4.96016459
1185	5316	0.0722707001	4.96435392
1186	5322	0.0723380327	4.96854325
1187	5330	0.0724054638	4.97273257
1188	5337	0.0724728135	4.9769219
1189	5343	0.0725402155	4.98111123
1190	5350	0.0726075483	4.98530056
1191	5357	0.0726750049	4.98948989
1192	5364	0.0727424021	4.99367922
1193	5370	0.0728098613	4.99786854
1194	5377	0.0728772702	5.00205787
1195	5384	0.0729447701	5.0062472
1196	5390	0.0730121912	5.01043653
1197	5396	0.0730796707	5.01462586
1198	5402	0.073147087	5.01881518
1199	5408	0.0732145775	5.02300451
1200	5414	0.0732819813	5.02719384
1201	5437	0.0733494601	5.03138317
1202	5444	0.0734168953	5.0355725
1203	5450	0.0734844106	5.03976183
1204	5457	0.0735518243	5.04395115
1205	5463	0.0736193538	5.04814048
1206	5470	0.0736868484	5.05232981
1207	5476	0.0737543932	5.05651914
1208	5483	0.0738218788	5.06070847
1209	5489	0.0738894296	5.0648978
1210	5494	0.073956924	5.06908712
1211	5500	0.0740244939	5.07327645
1212	5506	0.0740920318	5.07746578
1213	5512	0.0741596318	5.08165511
1214	5519	0.0742271783	5.08584444
1215	5525	0.0742947962	5.09003376
1216	5530	0.0743623345	5.09422309
1217	5536	0.0744299609	5.09841242
1218	5542	0.0744975223	5.10260175
1219	5547	0.0745651747	5.10679108
1220	5553	0.0746327472	5.11098041
1221	5559	0.0747003652	5.11516973
1222	5565	0.0747679128	5.11935906
1223	5571	0.0748355812	5.12354839
1224	5577	0.0749032012	5.12773772
1225	5582	0.074970868	5.13192705
1226	5589	0.075038464	5.13611637
1227	5594	0.0751061298	5.1403057
1228	5600	0.0751737306	5.14449503
1229	5605	0.0752414118	5.14868436
1230	5610	0.0753090431	5.15287369
1231	5615	0.0753767633	5.15706302
1232	5620	0.0754444112	5.16125234
1233	5626	0.075512108	5.16544167
1234	5631	0.0755797352	5.169631
1235	5637	0.075647439	5.17382033
1236	5644	0.0757150637	5.17800966
1237	5650	0.0757827601	5.18219898
1238	5656	0.0758503998	5.18638831
1239	5662	0.0759181187	5.19057764
1240	5669	0.0759857349	5.19476697
1241	5675	0.0760534714	5.1989563
1242	5681	0.0761211513	5.20314563
1243	5687	0.0761888814	5.20733495
1244	5693	0.0762565712	5.21152428
1245	5700	0.0763243548	5.21571361
1246	5706	0.0763920303	5.21990294
1247	5713	0.0764597888	5.22409227
1248	5720	0.07652746	5.2282816
1249	5726	0.0765952297	5.23247092
1250	5733	0.0766629226	5.23666025
1251	5740	0.0767306578	5.24084958
1252	5748	0.0767983181	5.24503891
1253	5755	0.0768660973	5.24922824
1254	5762	0.0769338294	5.25341756
1255	5768	0.0770015976	5.25760689
1256	5775	0.0770692919	5.26179622
1257	5781	0.0771370596	5.26598555
1258	5788	0.0772047627	5.27017488
1259	5794	0.0772725292	5.27436421
1260	5800	0.0773402556	5.27855353
1261	5806	0.0774080589	5.28274286
1262	5812	0.0774757858	5.28693219
1263	5818	0.0775435587	5.29112152
1264	5824	0.0776112678	5.29531085
1265	5830	0.0776790286	5.29950017
1266	5836	0.0777467066	5.3036895
1267	5843	0.0778144592	5.30787883
1268	5849	0.0778821407	5.31206816
1269	5856	0.0779498981	5.31625749
1270	5862	0.0780175575	5.32044682
1271	5868	0.0780853195	5.32463614
1272	5874	0.0781530241	5.32882547
1273	5880	0.0782207843	5.3330148
1274	5886	0.078288483	5.33720413
1275	5892	0.0783562795	5.34139346
1276	5898	0.0784239965	5.34558278
1277	5904	0.078491751	5.34977211
1278	5911	0.0785594406	5.35396144
1279	5916	0.0786271947	5.35815077
1280	5923	0.0786948532	5.3623401
1281	5928	0.0787625929	5.36652943
1282	5934	0.0788302731	5.37071875
1283	5940	0.0788980135	5.37490808
1284	5947	0.0789656568	5.37909741
1285	5953	0.0790334106	5.38328674
1286	5960	0.0791010998	5.38747607
1287	5966	0.0791688412	5.39166539
1288	5972	0.079236505	5.39585472
1289	5979	0.079304227	5.40004405
1290	5986	0.0793718856	5.40423338
1291	5991	0.079439615	5.40842271
1292	5998	0.0795072847	5.41261204
1293	6003	0.0795750493	5.41680136
1294	6008	0.07964273	5.42099069
1295	6015	0.0797104422	5.42518002
1296	6021	0.0797780871	5.42936935
1297	6027	0.0798457936	5.43355868
1298	6033	0.0799134051	5.43774801
1299	6039	0.0799810923	5.44193733
1300	6045	0.0800487096	5.44612666
1301	6071	0.0801163822	5.45031599
1302	6077	0.0801839564	5.45450532
1303	6083	0.0802516406	5.45869465
1304	6089	0.0803192513	5.46288397
1305	6096	0.0803869198	5.4670733
1306	6102	0.080454533	5.47126263
1307	6109	0.0805222298	5.47545196
1308	6115	0.0805898448	5.47964129
1309	6122	0.0806575074	5.48383062
1310	6128	0.0807250934	5.48801994
1311	6134	0.0807927366	5.49220927
1312	6141	0.0808603088	5.4963986
1313	6147	0.0809279409	5.50058793
1314	6153	0.0809955137	5.50477726
1315	6159	0.0810631496	5.50896658
1316	6165	0.0811306789	5.51315591
1317	6171	0.0811983244	5.51734524
1318	6178	0.081265908	5.52153457
1319	6185	0.0813335287	5.5257239
1320	6190	0.0814010784	5.52991323
1321	6195	0.081468691	5.53410255
1322	6202	0.081536242	5.53829188
1323	6208	0.0816038613	5.54248121
1324	6215	0.0816714186	5.54667054
1325	6221	0.0817390597	5.55085987
1326	6228	0.0818066211	5.55504919
1327	6235	0.0818742255	5.55923852
1328	6241	0.0819417636	5.56342785
1329	6247	0.0820093583	5.56761718
1330	6253	0.0820768642	5.57180651
1331	6260	0.0821444222	5.57599584
1332	6266	0.0822119176	5.58018516
1333	6272	0.0822794762	5.58437449
1334	6278	0.0823469282	5.58856382
1335	6284	0.0824144855	5.59275315
1336	6290	0.0824819792	5.59694248
1337	6296	0.0825495195	5.6011318
1338	6302	0.0826169852	5.60532113
1339	6308	0.0826845003	5.60951046
1340	6314	0.0827519511	5.61369979
1341	6320	0.0828194717	5.61788912
1342	6326	0.0828869408	5.62207845
1343	6332	0.0829545011	5.62626777
1344	6337	0.0830219763	5.6304571
1345	6344	0.0830894944	5.63464643
1346	6350	0.0831569507	5.63883576
1347	6356	0.0832244589	5.64302509
1348	6362	0.0832918806	5.64721442
1349	6368	0.0833593795	5.65140374
1350	6374	0.0834268102	5.65559307
1351	6380	0.0834943105	5.6597824
1352	6387	0.0835617133	5.66397173
1353	6392	0.0836292298	5.66816106
1354	6398	0.083696695	5.67235038
1355	6404	0.0837641946	5.67653971
1356	6410	0.0838316197	5.68072904
1357	6415	0.0838991088	5.68491837
1358	6421	0.0839665359	5.6891077
1359	6427	0.0840340362	5.69329703
1360	6432	0.0841014767	5.69748635
1361	6438	0.084169012	5.70167568
1362	6443	0.0842364732	5.70586501
1363	6448	0.0843039641	5.71005434
1364	6454	0.0843713897	5.71424367
1365	6460	0.0844388729	5.71843299
1366	6466	0.0845062723	5.72262232
1367	6473	0.0845737426	5.72681165
1368	6480	0.0846411495	5.73100098
1369	6486	0.0847086223	5.73519031
1370	6493	0.0847759917	5.73937964
1371	6499	0.0848434759	5.74356896
1372	6505	0.0849109066	5.74775829
1373	6512	0.0849783724	5.75194762
1374	6518	0.0850457715	5.75613695
1375	6525	0.0851132354	5.76032628
1376	6531	0.0851806406	5.7645156
1377	6538	0.0852481202	5.76870493
1378	6544	0.0853155488	5.77289426
1379	6550	0.0853830708	5.77708359
1380	6557	0.0854505169	5.78127292
1381	6563	0.0855180116	5.78546225
1382	6569	0.0855854508	5.78965157
1383	6575	0.0856529425	5.7938409
1384	6582	0.0857203583	5.79803023
1385	6588	0.0857878523	5.80221956
1386	6594	0.0858552852	5.80640889
1387	6600	0.0859227914	5.81059821
1388	6608	0.0859902035	5.81478754
1389	6614	0.0860577342	5.81897687
1390	6620	0.0861252189	5.8231662
1391	6627	0.0861927363	5.82735553
1392	6633	0.0862601869	5.83154486
1393	6640	0.0863277045	5.83573418
1394	6646	0.0863951666	5.83992351
1395	6652	0.0864627006	5.84411284
1396	6659	0.0865301811	5.84830217
1397	6666	0.0865977619	5.8524915
1398	6672	0.0866652678	5.85668083
1399	6679	0.0867328111	5.86087015
1400	6685	0.0868002996	5.86505948
1401	6705	0.0868678519	5.86924881
1402	6713	0.0869353207	5.87343814
1403	6719	0.087002872	5.87762747
1404	6726	0.0870703666	5.88181679
1405	6733	0.0871379242	5.88600612
1406	6741	0.0872053873	5.89019545
1407	6747	0.0872729727	5.89438478
1408	6754	0.087340507	5.89857411
1409	6760	0.0874080939	5.90276344
1410	6768	0.087475612	5.90695276
1411	6773	0.087543192	5.91114209
1412	6780	0.0876107199	5.91533142
1413	6786	0.0876783265	5.91952075
1414	6793	0.0877458814	5.92371008
1415	6799	0.0878135403	5.9278994
1416	6806	0.0878811254	5.93208873
1417	6811	0.087948756	5.93627806
1418	6818	0.0880163327	5.94046739
1419	6824	0.088083981	5.94465672
1420	6831	0.0881515492	5.94884605
1421	6837	0.0882192027	5.95303537
1422	6843	0.088286809	5.9572247
1423	6849	0.0883544812	5.96141403
1424	6855	0.0884220614	5.96560336
1425	6861	0.0884897629	5.96979269
1426	6867	0.0885574134	5.97398201
1427	6874	0.0886251222	5.97817134
1428	6880	0.0886927632	5.98236067
1429	6886	0.0887604637	5.98655
1430	6893	0.0888281148	5.99073933
1431	6899	0.0888958408	5.99492866
1432	6908	0.0889635124	5.99911798
1433	6914	0.0890312681	6.00330731
1434	6921	0.0890989711	6.00749664
1435	6927	0.0891667201	6.01168597
1436	6934	0.089234392	6.0158753
1437	6941	0.0893021424	6.02006463
1438	6948	0.0893698282	6.02425395
1439	6954	0.08943761	6.02844328
1440	6961	0.0895053106	6.03263261
1441	6967	0.0895730406	6.03682194
1442	6974	0.0896407088	6.04101127
1443	6982	0.0897084931	6.04520059
1444	6988	0.0897762148	6.04938992
1445	6994	0.0898440027	6.05357925
1446	7001	0.0899117487	6.05776858
1447	7007	0.0899795828	6.06195791
1448	7013	0.0900473454	6.06614724
1449	7018	0.0901151593	6.07033656
1450	7024	0.0901829116	6.07452589
1451	7030	0.0902507248	6.07871522
1452	7035	0.0903184637	6.08290455
1453	7041	0.0903862865	6.08709388
1454	7047	0.0904540591	6.0912832
1455	7053	0.0905218945	6.09547253
1456	7059	0.0905896387	6.09966186
1457	7067	0.0906575003	6.10385119
1458	7073	0.0907253078	6.10804052
1459	7081	0.0907931629	6.11222985
1460	7088	0.0908609538	6.11641917
1461	7094	0.0909288145	6.1206085
1462	7100	0.0909966183	6.12479783
1463	7107	0.0910644863	6.12898716
1464	7113	0.0911323112	6.13317649
1465	7120	0.0912002098	6.13736581
1466	7126	0.0912680546	6.14155514
1467	7132	0.091335948	6.14574447
1468	7139	0.0914037616	6.1499338
1469	7145	0.0914716486	6.15412313
1470	7151	0.0915394714	6.15831246
1471	7158	0.091607378	6.16250178
1472	7165	0.0916752024	6.16669111
1473	7172	0.0917430713	6.17088044
1474	7178	0.0918108673	6.17506977
1475	7185	0.091878772	6.1792591
1476	7191	0.0919466244	6.18344842
1477	7198	0.0920145446	6.18763775
1478	7204	0.0920824136	6.19182708
1479	7211	0.0921503667	6.19601641
1480	7216	0.0922182497	6.20020574
1481	7223	0.0922861799	6.20439507
1482	7229	0.0923540416	6.20858439
1483	7236	0.0924219597	6.21277372
1484	7242	0.0924898022	6.21696305
1485	7248	0.092557725	6.22115238
1486	7254	0.0926255815	6.22534171
1487	7260	0.0926935045	6.22953104
1488	7267	0.0927613368	6.23372036
1489	7273	0.092829287	6.23790969
1490	7278	0.0928971836	6.24209902
1491	7285	0.0929651226	6.24628835
1492	7292	0.0930329902	6.25047768
1493	7298	0.0931009203	6.254667
1494	7304	0.0931687867	6.25885633
1495	7311	0.0932367121	6.26304566
1496	7317	0.0933045945	6.26723499
1497	7323	0.0933725481	6.27142432
1498	7329	0.0934404334	6.27561365
1499	7334	0.0935083639	6.27980297
1500	7340	0.093576213	6.2839923
1501	7362	0.0936441292	6.28818163
1502	7368	0.093711976	6.29237096
1503	7375	0.0937798965	6.29656029
1504	7381	0.0938477282	6.30074961
1505	7387	0.0939155894	6.30493894
1506	7393	0.0939833704	6.30912827
1507	7400	0.0940512503	6.3133176
1508	7406	0.0941190743	6.31750693
1509	7413	0.0941869513	6.32169626
1510	7420	0.0942547633	6.32588558
1511	7425	0.0943226606	6.33007491
1512	7431	0.0943904818	6.33426424
1513	7438	0.0944583457	6.33845357
1514	7444	0.0945261404	6.3426429
1515	7450	0.0945939838	6.34683222
1516	7456	0.0946617455	6.35102155
1517	7462	0.0947295777	6.35521088
1518	7468	0.0947973427	6.35940021
1519	7473	0.0948651731	6.36358954
1520	7479	0.094932903	6.36777887
1521	7485	0.0950007349	6.37196819
1522	7491	0.0950685078	6.37615752
1523	7497	0.0951363229	6.38034685
1524	7503	0.0952040433	6.38453618
1525	7509	0.0952718402	6.38872551
1526	7515	0.0953395933	6.39291483
1527	7521	0.0954074246	6.39710416
1528	7527	0.0954751778	6.40129349
1529	7534	0.0955429712	6.40548282
1530	7540	0.0956106907	6.40967215
1531	7546	0.0956784708	6.41386148
1532	7552	0.0957461607	6.4180508
1533	7558	0.0958139093	6.42224013
1534	7564	0.0958815913	6.42642946
1535	7570	0.09594933	6.43061879
1536	7576	0.0960169702	6.43480812
1537	7582	0.0960847093	6.43899745
1538	7589	0.0961523859	6.44318677
1539	7595	0.0962200865	6.4473761
1540	7600	0.096287712	6.45156543
1541	7606	0.0963553965	6.45575476
1542	7613	0.0964230182	6.45994409
1543	7619	0.0964906989	6.46413341
1544	7625	0.0965583207	6.46832274
1545	7630	0.0966260191	6.47251207
1546	7637	0.0966936443	6.4767014
1547	7643	0.0967613035	6.48089073
1548	7651	0.0968288976	6.48508006
1549	7657	0.0968965452	6.48926938
1550	7663	0.0969641104	6.49345871
1551	7670	0.0970317319	6.49764804
1552	7675	0.0970992927	6.50183737
1553	7681	0.0971669122	6.5060267
1554	7688	0.0972344317	6.51021602
1555	7694	0.0973020562	6.51440535
1556	7699	0.0973696215	6.51859468
1557	7705	0.0974372191	6.52278401
1558	7711	0.0975047693	6.52697334
1559	7717	0.0975724026	6.53116267
1560	7724	0.0976399548	6.53535199
1561	7730	0.0977075472	6.53954132
1562	7735	0.0977750761	6.54373065
1563	7741	0.0978426507	6.54791998
1564	7747	0.0979101394	6.55210931
1565	7753	0.0979776967	6.55629863
1566	7760	0.0980451978	6.56048796
1567	7766	0.0981127533	6.56467729
1568	7772	0.0981802083	6.56886662
1569	7778	0.0982477673	6.57305595
1570	7783	0.0983152664	6.57724528
1571	7789	0.0983827972	6.5814346
1572	7795	0.0984502517	6.58562393
1573	7801	0.0985177639	6.58981326
1574	7808	0.0985852154	6.59400259
1575	7814	0.0986527288	6.59819192
1576	7820	0.0987201943	6.60238125
1577	7826	0.0987877431	6.60657057
1578	7832	0.0988552155	6.6107599
1579	7838	0.0989227253	6.61494923
1580	7844	0.0989901711	6.61913856
1581	7849	0.0990576665	6.62332789
1582	7855	0.0991250805	6.62751721
1583	7861	0.0991925658	6.63170654
1584	7866	0.0992599868	6.63589587
1585	7872	0.099327473	6.6400852
1586	7877	0.0993948653	6.64427453
1587	7884	0.0994623638	6.64846386
1588	7890	0.0995298108	6.65265318
1589	7895	0.0995972909	6.65684251
1590	7902	0.0996647023	6.66103184
1591	7908	0.0997321724	6.66522117
1592	7914	0.0997995848	6.6694105
1593	7921	0.0998670644	6.67359982
1594	7926	0.0999344911	6.67778915
1595	7932	0.1	6.68197848
1596	7972	0.100067451	6.68616781
1597	7978	0.100134943	6.69035714
1598	7984	0.100202375	6.69454647
1599	7991	0.100269854	6.69873579
1600	7998	0.100337253	6.70292512
1601	8024	0.100404723	6.70711445
1602	8032	0.100472127	6.71130378
1603	8037	0.100539596	6.71549311
1604	8044	0.100606973	6.71968243
1605	8051	0.100674457	6.72387176
1606	8058	0.100741892	6.72806109
1607	8064	0.100809352	6.73225042
1608	8071	0.100876747	6.73643975
1609	8077	0.100944201	6.74062908
1610	8083	0.101011599	6.7448184
1611	8090	0.101079065	6.74900773
1612	8096	0.101146482	6.75319706
1613	8102	0.101213994	6.75738639
1614	8108	0.101281437	6.76157572
1615	8115	0.101348922	6.76576504
1616	8122	0.101416352	6.76995437
1617	8128	0.101483831	6.7741437
1618	8135	0.101551234	6.77833303
1619	8141	0.101618714	6.78252236
1620	8147	0.101686135	6.78671169
1621	8153	0.101753625	6.79090101
1622	8160	0.101821024	6.79509034
1623	8166	0.101888537	6.79927967
1624	8171	0.101956007	6.803469
1625	8177	0.102023512	6.80765833
1626	8184	0.102090956	6.81184766
1627	8191	0.102158467	6.81603698
1628	8198	0.102225923	6.82022631
1629	8204	0.102293453	6.82441564
1630	8210	0.102360933	6.82860497
1631	8216	0.102428513	6.8327943
1632	8222	0.102496026	6.83698362
1633	8229	0.102563572	6.84117295
1634	8236	0.102631061	6.84536228
1635	8242	0.102698613	6.84955161
1636	8250	0.102766092	6.85374094
1637	8257	0.102833641	6.85793027
1638	8264	0.102901139	6.86211959
1639	8270	0.102968692	6.86630892
1640	8276	0.103036153	6.87049825
1641	8283	0.103103726	6.87468758
1642	8290	0.103171251	6.87887691
1643	8298	0.103238829	6.88306623
1644	8305	0.103306346	6.88725556
1645	8311	0.103373916	6.89144489
1646	8318	0.103441434	6.89563422
1647	8325	0.103509029	6.89982355
1648	8331	0.103576578	6.90401288
1649	8337	0.103644225	6.9082022
1650	8344	0.103711811	6.91239153
1651	8350	0.103779434	6.91658086
1652	8357	0.103847006	6.92077019
1653	8364	0.103914646	6.92495952
1654	8370	0.103982205	6.92914884
1655	8377	0.104049848	6.93333817
1656	8383	0.104117444	6.9375275
1657	8389	0.104185098	6.94171683
1658	8396	0.104252669	6.94590616
1659	8402	0.104320354	6.95009549
1660	8408	0.104387992	6.95428481
1661	8414	0.104455679	6.95847414
1662	8421	0.104523305	6.96266347
1663	8427	0.10459099	6.9668528
1664	8433	0.104658629	6.97104213
1665	8439	0.104726337	6.97523145
1666	8446	0.104793998	6.97942078
1667	8452	0.104861735	6.98361011
1668	8458	0.104929426	6.98779944
1669	8464	0.104997161	6.99198877
1670	8470	0.105064825	6.9961781
1671	8477	0.105132559	7.00036742
1672	8483	0.105200234	7.00455675
1673	8488	0.105267999	7.00874608
1674	8494	0.105335684	7.01293541
1675	8501	0.105403392	7.01712474
1676	8507	0.105471038	7.02131407
1677	8513	0.105538798	7.02550339
1678	8519	0.105606504	7.02969272
1679	8525	0.105674256	7.03388205
1680	8531	0.105741968	7.03807138
1681	8537	0.105809778	7.04226071
1682	8544	0.105877522	7.04645003
1683	8550	0.105945301	7.05063936
1684	8557	0.106013028	7.05482869
1685	8563	0.106080818	7.05901802
1686	8569	0.106148531	7.06320735
1687	8575	0.106216324	7.06739668
1688	8582	0.106284067	7.071586
1689	8587	0.106351873	7.07577533
1690	8593	0.106419592	7.07996466
1691	8599	0.106487424	7.08415399
1692	8606	0.106555213	7.08834332
1693	8611	0.106623036	7.09253264
1694	8618	0.106690799	7.09672197
1695	8624	0.106758625	7.1009113
1696	8631	0.106826394	7.10510063
1697	8637	0.106894226	7.10928996
1698	8644	0.106962021	7.11347929
1699	8650	0.10702989	7.11766861
1700	8656	0.107097701	7.12185794
1701	8683	0.107165557	7.12604727
1702	8688	0.10723334	7.1302366
1703	8694	0.107301195	7.13442593
1704	8700	0.107368992	7.13861525
1705	8706	0.10743686	7.14280458
1706	8713	0.107504645	7.14699391
1707	8720	0.107572465	7.15118324
1708	8726	0.107640214	7.15537257
1709	8731	0.107708058	7.1595619
1710	8738	0.107775853	7.16375122
1711	8743	0.1078437	7.16794055
1712	8750	0.107911502	7.17212988
1713	8756	0.107979383	7.17631921
1714	8763	0.108047196	7.18050854
1715	8769	0.108115053	7.18469786
1716	8776	0.108182855	7.18888719
1717	8782	0.108250707	7.19307652
1718	8788	0.108318481	7.19726585
1719	8794	0.108386327	7.20145518
1720	8800	0.108454119	7.20564451
