Iteration	CPUTime	PhysTime	Travels	Value	AvValue	MinValue	MaxValue	Delta	Criteria	PrevAvRefValue	Progress	CriteriaType	CriteriaVarType	CriteriaPercentage
1	9	0	0.0125550385	287.789934	287.789934	287.789934	287.789934	0	0	0	0	0	0	3
2	11	0	0.025110077	290.462147	289.12604	287.789934	290.462147	1.33610629	0	0	0	0	0	3
3	12	0	0.0376651154	295.61255	291.28821	287.789934	295.61255	3.49827625	0	0	0	0	0	3
4	14	0	0.0502201539	299.791451	293.41402	287.789934	299.791451	5.6240864	0	0	0	0	0	3
5	15	0	0.0627751924	302.713008	295.273818	287.789934	302.713008	7.48388391	0	0	0	0	0	3
6	17	0	0.0753302309	302.555539	296.487438	287.789934	302.713008	8.69750405	0	0	0	0	0	3
7	18	0	0.0878852694	306.799749	297.960625	287.789934	306.799749	10.1706914	0	0	0	0	0	3
8	20	0	0.100440308	310.985563	299.588743	287.789934	310.985563	11.7988086	0	0	0	0	0	3
9	21	0	0.112995346	328.908244	302.846465	287.789934	328.908244	15.056531	0	0	0	0	0	3
10	23	0	0.125550385	337.831091	306.344928	287.789934	337.831091	18.5549936	0	0	0	0	0	3
11	24	0	0.138105423	370.245212	312.154044	287.789934	370.245212	24.3641104	0	0	0	0	0	3
12	25	0	0.150660462	385.473171	318.263972	287.789934	385.473171	30.4740375	0	0	0	0	0	3
13	27	0	0.1632155	423.404733	326.351722	287.789934	423.404733	38.5617884	0	0	0	0	0	3
14	28	0	0.175770539	433.077394	333.974985	287.789934	433.077394	46.1850507	0	0	0	0	0	3
15	30	0	0.188325577	464.530831	342.678708	287.789934	464.530831	54.8887738	0	0	0	0	0	3
16	31	0	0.200880616	463.324621	350.219077	287.789934	464.530831	62.4291433	0	0	0	0	0	3
17	32	0	0.213435654	483.582051	358.063958	287.789934	483.582051	70.2740241	0	0	0	0	0	3
18	34	0	0.225990693	475.150523	364.568767	287.789934	483.582051	76.7788333	0	0	0	0	0	3
19	35	0	0.238545731	488.413619	371.086917	287.789934	488.413619	83.2969834	0	0	0	0	0	3
20	37	0	0.25110077	478.808503	376.472997	287.789934	488.413619	88.6830627	0	0	0	0	0	3
21	39	0	0.263655808	490.446106	381.900288	287.789934	490.446106	94.1103536	0	0	0	0	0	3
22	40	0	0.276210847	482.949437	386.493431	287.789934	490.446106	98.7034968	0	0	0	0	0	3
23	42	0	0.288765885	491.039259	391.038902	287.789934	491.039259	103.248968	0	0	0	0	0	3
24	43	0	0.301320924	483.094973	394.874571	287.789934	491.039259	107.084637	0	0	0	0	0	3
25	45	0	0.313875962	490.646507	398.705449	287.789934	491.039259	110.915515	0	0	0	0	0	3
26	46	0	0.326431001	487.683937	402.127698	287.789934	491.039259	114.337764	0	0	0	0	0	3
27	48	0	0.338986039	500.1986	405.759954	287.789934	500.1986	117.97002	0	0	0	0	0	3
28	49	0	0.351541077	502.011665	409.197515	287.789934	502.011665	121.407581	0	0	0	0	0	3
29	50	0	0.364096116	517.447224	412.930264	287.789934	517.447224	125.14033	0	0	0	0	0	3
30	52	0	0.376651154	527.232983	416.740354	287.789934	527.232983	128.95042	0	0	0	0	0	3
31	53	0	0.389206193	555.084822	421.203079	287.789934	555.084822	133.413145	0	0	0	0	0	3
32	55	0	0.401761231	581.525243	426.213147	287.789934	581.525243	138.423213	0	0	0	0	0	3
33	57	0	0.41431627	614.16682	431.908712	287.789934	614.16682	144.118778	0	0	0	0	0	3
34	58	0	0.426871308	612.426242	437.218052	287.789934	614.16682	149.428118	0	0	0	0	0	3
35	60	0	0.439426347	624.108022	442.557765	287.789934	624.108022	154.767831	0	0	0	0	0	3
36	62	0	0.451981385	660.834561	448.621009	287.789934	660.834561	160.831075	0	0	0	0	0	3
37	64	0	0.464536424	699.324963	455.396792	287.789934	699.324963	167.606858	0	0	0	0	0	3
38	65	0	0.477091462	735.685067	462.772799	287.789934	735.685067	174.982865	0	0	0	0	0	3
39	67	0	0.489646501	770.078008	470.65242	287.789934	770.078008	182.862486	0	0	0	0	0	3
40	69	0	0.502201539	803.456375	478.972519	287.789934	803.456375	191.182585	0	0	0	0	0	3
41	71	0	0.514756578	853.780988	493.122295	290.462147	853.780988	203.996255	0	0	0	0	0	3
42	73	0	0.527311616	900.662832	508.377312	295.61255	900.662832	217.089102	0	0	0	0	0	3
43	74	0	0.539866655	948.293996	524.694348	299.791451	948.293996	231.280328	0	0	0	0	0	3
44	76	0	0.552421693	996.917349	542.122496	302.555539	996.917349	246.848678	0	0	0	0	0	3
45	77	0	0.564976732	1044.71762	560.672611	302.555539	1044.71762	264.185173	0	0	0	0	0	3
46	79	0	0.57753177	1090.17533	580.363106	306.799749	1090.17533	282.40248	0	0	0	0	0	3
47	81	0	0.590086809	1129.89835	600.940571	310.985563	1129.89835	301.351828	0	0	0	0	0	3
48	82	0	0.602641847	1164.69812	622.283385	328.908244	1164.69812	319.43692	0	0	0	0	0	3
49	84	0	0.615196886	1193.75516	643.904558	337.831091	1193.75516	337.55963	0	0	0	0	0	3
50	86	0	0.627751924	1218.90952	665.931519	370.245212	1218.90952	353.777474	0	0	0	0	0	3
51	87	0	0.640306963	1236.9154	687.598273	385.473171	1236.9154	369.334302	0	0	0	0	0	3
52	89	0	0.652862001	1253.07785	709.28839	423.404733	1253.07785	382.936668	0	0	0	0	0	3
53	91	0	0.66541704	1261.91927	730.251254	433.077394	1261.91927	396.276269	0	0	0	0	0	3
54	93	0	0.677972078	1263.19823	751.004274	463.324621	1263.19823	408.325567	0	0	0	0	0	3
55	94	0	0.690527116	1259.47927	770.877985	463.324621	1263.19823	420.658908	0	0	0	0	0	3
56	96	0	0.703082155	1250.41235	790.555179	475.150523	1263.19823	432.491221	0	0	0	0	0	3
57	98	0	0.715637193	1240.35164	809.474418	475.150523	1263.19823	444.905651	0	0	0	0	0	3
58	100	0	0.728192232	1231.02544	828.371291	478.808503	1263.19823	457.284374	0	0	0	0	0	3
59	101	0	0.74074727	1219.70917	846.65368	478.808503	1263.19823	470.180684	0	0	0	0	0	3
60	103	0	0.753302309	1206.056	864.834868	482.949437	1263.19823	482.93458	0	0	0	0	0	3
61	104	0	0.765857347	1187.57438	882.263075	482.949437	1263.19823	495.769644	0	0	0	0	0	3
62	106	0	0.778412386	1168.99768	899.414281	483.094973	1263.19823	508.375379	0	0	0	0	0	3
63	108	0	0.790967424	1164.42316	916.248878	483.094973	1263.19823	521.374307	0	0	0	0	0	3
64	109	0	0.803522463	1173.36096	933.505528	487.683937	1263.19823	534.800079	0	0	0	0	0	3
65	111	0	0.816077501	1190.29009	950.996617	487.683937	1263.19823	548.868919	0	0	0	0	0	3
66	113	0	0.82863254	1207.36364	968.98861	500.1986	1263.19823	563.228656	0	0	0	0	0	3
67	114	0	0.841187578	1205.23409	986.614497	502.011665	1263.19823	577.416982	0	0	0	0	0	3
68	116	0	0.853742617	1193.34782	1003.8979	517.447224	1263.19823	590.967637	0	0	0	0	0	3
69	118	0	0.866297655	1182.28496	1020.51884	527.232983	1263.19823	603.77849	0	0	0	0	0	3
70	119	0	0.878852694	1170.42784	1036.59872	555.084822	1263.19823	615.395637	0	0	0	0	0	3
71	121	0	0.891407732	1159.24759	1051.70279	581.525243	1263.19823	625.489639	0	0	0	0	0	3
72	123	0	0.903962771	1147.54125	1065.85319	612.426242	1263.19823	633.944473	0	0	0	0	0	3
73	124	0	0.916517809	1135.71961	1078.89201	612.426242	1263.19823	641.673954	0	0	0	0	0	3
74	126	0	0.929072848	1125.65891	1091.72282	624.108022	1263.19823	639.090204	0	0	0	0	0	3
75	128	0	0.941627886	1113.59486	1103.95999	660.834561	1263.19823	602.363665	0	0	0	0	0	3
76	129	0	0.954182925	1101.45842	1114.97559	699.324963	1263.19823	563.873263	0	0	0	0	0	3
77	131	0	0.966737963	1089.32366	1124.72556	735.685067	1263.19823	527.513159	0	0	0	0	0	3
78	133	0	0.979293002	1077.05205	1133.25973	770.078008	1263.19823	493.120218	0	0	0	0	0	3
79	134	0	0.99184804	1065.17426	1140.63714	803.456375	1263.19823	459.741851	0	0	0	0	0	3
80	136	0	1.00440308	1052.3975	1146.86067	853.780988	1263.19823	409.417238	29.0275703	0	0	0	0	3
81	137	0	1.01695812	1039.61608	1151.50654	900.662832	1263.19823	362.535394	29.0275703	0	0	0	0	3
82	139	0	1.02951316	1025.85339	1154.63631	948.293996	1263.19823	314.90423	29.0275703	0	0	0	0	3
83	141	0	1.04206819	1006.15099	1156.08273	996.917349	1263.19823	266.280877	29.0275703	0	0	0	0	3
84	142	0	1.05462323	982.325622	1155.71794	982.325622	1263.19823	280.872604	29.0275703	0	0	0	0	3
85	144	0	1.06717827	960.718029	1153.61795	960.718029	1263.19823	302.480196	29.0275703	0	0	0	0	3
86	146	0	1.07973331	946.619205	1150.02905	946.619205	1263.19823	316.579021	29.0275703	0	0	0	0	3
87	147	0	1.09228835	937.533615	1145.21993	937.533615	1263.19823	325.664611	29.0275703	0	0	0	0	3
88	149	0	1.10484339	928.882814	1139.32454	928.882814	1263.19823	334.315412	29.0275703	0	0	0	0	3
89	151	0	1.11739842	918.178252	1132.43512	918.178252	1263.19823	345.019974	29.0275703	0	0	0	0	3
90	153	0	1.12995346	907.678339	1124.65434	907.678339	1263.19823	355.519887	29.0275703	0	0	0	0	3
91	154	0	1.1425085	894.136028	1116.08486	894.136028	1263.19823	369.062197	29.0275703	0	0	0	0	3
92	156	0	1.15506354	878.302438	1106.71547	878.302438	1263.19823	384.895788	29.0275703	0	0	0	0	3
93	158	0	1.16761858	860.540047	1096.68099	860.540047	1263.19823	402.658178	29.0275703	0	0	0	0	3
94	160	0	1.18017362	842.527928	1086.16423	842.527928	1259.47927	385.204746	29.0275703	0	0	0	0	3
95	162	0	1.19272866	825.856478	1075.32366	825.856478	1250.41235	365.527553	29.0275703	0	0	0	0	3
96	164	0	1.20528369	809.819558	1064.30885	809.819558	1240.35164	346.608313	29.0275703	0	0	0	0	3
97	166	0	1.21783873	793.318167	1053.13301	793.318167	1231.02544	327.71144	29.0275703	0	0	0	0	3
98	167	0	1.23039377	775.663569	1041.74896	775.663569	1219.70917	309.429051	29.0275703	0	0	0	0	3
99	169	0	1.24294881	757.043795	1030.18233	757.043795	1207.36364	291.247864	29.0275703	0	0	0	0	3
100	171	0	1.25550385	737.474699	1018.46779	737.474699	1207.36364	273.819657	29.0275703	0	0	0	0	3
101	173	0	1.26805889	716.901908	1006.70098	716.901908	1207.36364	256.668451	29.0275703	0	0	0	0	3
102	175	0	1.28061393	695.863341	994.872624	695.863341	1207.36364	239.833854	29.0275703	0	0	0	0	3
103	177	0	1.29316896	674.613266	982.627377	674.613266	1207.36364	222.577204	29.0275703	0	0	0	0	3
104	179	0	1.305724	654.327872	969.651549	654.327872	1207.36364	205.086114	29.0275703	0	0	0	0	3
105	180	0	1.31827904	635.258092	955.77575	635.258092	1207.36364	200.306982	29.0275703	0	0	0	0	3
106	182	0	1.33083408	617.348837	941.02538	617.348837	1205.23409	215.057352	29.0275703	0	0	0	0	3
107	184	0	1.34338912	600.607527	925.909715	600.607527	1193.34782	230.173016	29.0275703	0	0	0	0	3
108	186	0	1.35594416	585.156668	910.704937	585.156668	1182.28496	245.377795	29.0275703	0	0	0	0	3
109	187	0	1.36849919	571.033222	895.423643	571.033222	1170.42784	260.659088	29.0275703	0	0	0	0	3
110	189	0	1.38105423	557.96359	880.112037	557.96359	1159.24759	275.970695	29.0275703	0	0	0	0	3
111	191	0	1.39360927	545.908002	864.778547	545.908002	1147.54125	291.304185	29.0275703	0	0	0	0	3
112	192	0	1.40616431	534.611856	849.455312	534.611856	1135.71961	306.627419	29.0275703	0	0	0	0	3
113	194	0	1.41871935	524.054789	834.163692	524.054789	1125.65891	321.91904	29.0275703	0	0	0	0	3
114	196	0	1.43127439	514.219084	818.877696	514.219084	1113.59486	337.205036	29.0275703	0	0	0	0	3
115	197	0	1.44382943	504.985057	803.662451	504.985057	1101.45842	352.420281	29.0275703	0	0	0	0	3
116	199	0	1.45638446	496.394376	788.53585	496.394376	1089.32366	367.546882	29.0275703	0	0	0	0	3
117	201	0	1.4689395	488.384246	773.512365	488.384246	1077.05205	382.570367	29.0275703	0	0	0	0	3
118	203	0	1.48149454	481.056135	758.612467	481.056135	1065.17426	397.470265	29.0275703	0	0	0	0	3
119	206	0	1.49404958	474.375934	743.842509	474.375934	1052.3975	412.240223	29.0275703	0	0	0	0	3
120	208	0	1.50660462	468.251115	729.238849	468.251115	1039.61608	426.843883	29.0275703	0	0	0	0	3
121	210	0	1.51915966	462.668821	714.815168	462.668821	1025.85339	441.267564	29.0275703	0	0	0	0	3
122	211	0	1.53171469	457.55198	700.607632	457.55198	1006.15099	455.475099	29.0275703	0	0	0	0	3
123	213	0	1.54426973	452.835761	686.774752	452.835761	982.325622	468.943187	29.0275703	0	0	0	0	3
124	214	0	1.55682477	448.512266	673.429418	448.512266	960.718029	480.188531	29.0275703	0	0	0	0	3
125	216	0	1.56937981	444.518168	660.524421	444.518168	946.619205	489.504625	29.0275703	0	0	0	0	3
126	218	0	1.58193485	440.812318	647.879249	440.812318	937.533615	496.721297	29.0275703	0	0	0	0	3
127	219	0	1.59448989	437.423726	635.376502	437.423726	928.882814	491.459087	29.0275703	0	0	0	0	3
128	221	0	1.60704493	434.250065	623.010683	434.250065	918.178252	483.928187	29.0275703	0	0	0	0	3
129	223	0	1.61959996	431.322937	610.8393	431.322937	907.678339	476.355402	29.0275703	0	0	0	0	3
130	224	0	1.632155	428.658673	598.863809	428.658673	894.136028	465.477355	29.0275703	0	0	0	0	3
131	226	0	1.64471004	426.091752	587.162702	426.091752	878.302438	452.210686	29.0275703	0	0	0	0	3
132	228	0	1.65726508	423.787566	575.79983	423.787566	860.540047	436.752481	29.0275703	0	0	0	0	3
133	229	0	1.66982012	421.624952	564.826952	421.624952	842.527928	420.902976	29.0275703	0	0	0	0	3
134	231	0	1.68237516	419.611129	554.254032	419.611129	825.856478	406.245349	29.0275703	0	0	0	0	3
135	232	0	1.69493019	417.749563	544.05136	417.749563	809.819558	392.069996	29.0275703	0	0	0	0	3
136	234	0	1.70748523	415.978566	534.205335	415.978566	793.318167	377.339601	29.0275703	0	0	0	0	3
137	236	0	1.72004027	414.354002	524.731231	414.354002	775.663569	361.309567	29.0275703	0	0	0	0	3
138	237	0	1.73259531	412.811084	515.659919	412.811084	757.043795	344.232711	29.0275703	0	0	0	0	3
139	239	0	1.74515035	411.403715	507.018917	411.403715	737.474699	326.070984	29.0275703	0	0	0	0	3
140	241	0	1.75770539	410.078355	498.834008	410.078355	716.901908	306.823553	29.0275703	0	0	0	0	3
141	242	0	1.77026043	408.835207	491.13234	408.835207	695.863341	287.028133	29.0275703	0	0	0	0	3
142	244	0	1.78281546	407.675834	483.927653	407.675834	674.613266	266.937432	29.0275703	0	0	0	0	3
143	245	0	1.7953705	406.630454	477.228082	406.630454	654.327872	247.697418	29.0275703	0	0	0	0	3
144	247	0	1.80792554	405.646854	471.011057	405.646854	635.258092	229.611239	29.0275703	0	0	0	0	3
145	249	0	1.82048058	404.680859	465.246626	404.680859	617.348837	212.667979	29.0275703	0	0	0	0	3
146	250	0	1.83303562	403.839535	459.908894	403.839535	600.607527	196.767992	29.0275703	0	0	0	0	3
147	252	0	1.84559066	403.055924	454.970104	403.055924	585.156668	182.100744	29.0275703	0	0	0	0	3
148	253	0	1.8581457	402.27147	450.397974	402.27147	571.033222	168.761753	29.0275703	0	0	0	0	3
149	255	0	1.87070073	401.579644	446.161634	401.579644	557.96359	156.383946	29.0275703	0	0	0	0	3
150	256	0	1.88325577	400.961463	442.236581	400.961463	545.908002	144.946539	29.0275703	0	0	0	0	3
151	258	0	1.89581081	400.365181	438.59801	400.365181	534.611856	134.246675	29.0275703	0	0	0	0	3
152	260	0	1.90836585	399.818814	435.228184	399.818814	524.054789	124.235975	29.0275703	0	0	0	0	3
153	261	0	1.92092089	399.330589	432.110079	399.330589	514.219084	114.888494	29.0275703	0	0	0	0	3
154	263	0	1.93347593	398.905098	429.22723	398.905098	504.985057	106.07996	29.0275703	0	0	0	0	3
155	265	0	1.94603096	398.501821	426.565149	398.501821	496.394376	97.8925549	29.0275703	0	0	0	0	3
156	266	0	1.958586	398.165508	424.109427	398.165508	488.384246	90.2187374	29.0275703	0	0	0	0	3
157	268	0	1.97114104	397.838316	421.845779	397.838316	481.056135	83.2178191	29.0275703	0	0	0	0	3
158	269	0	1.98369608	397.584637	419.758991	397.584637	474.375934	76.7912966	29.0275703	0	0	0	0	3
159	271	0	1.99625112	397.373385	417.833928	397.373385	468.251115	70.8777297	29.0275703	0	0	0	0	3
160	273	0	2.00880616	397.163666	416.056741	397.163666	462.668821	65.5051554	29.0275703	0	0	0	0	3
161	274	0	2.0213612	397.003174	414.4151	397.003174	457.55198	60.5488055	29.0275703	0	0	0	0	3
162	276	0	2.03391623	396.880042	412.898302	396.880042	452.835761	55.9557193	29.0275703	0	0	0	0	3
163	277	0	2.04647127	396.787385	411.497092	396.787385	448.512266	51.7248815	29.0275703	0	0	0	0	3
164	279	0	2.05902631	396.693923	410.201634	396.693923	444.518168	47.8242442	29.0275703	0	0	0	0	3
165	280	0	2.07158135	396.629575	409.004419	396.629575	440.812318	44.1827426	29.0275703	0	0	0	0	3
166	282	0	2.08413639	396.563043	407.898187	396.563043	437.423726	40.8606837	29.0275703	0	0	0	0	3
167	284	0	2.09669143	396.553351	406.876428	396.553351	434.250065	37.6967142	29.0275703	0	0	0	0	3
168	285	0	2.10924646	396.528621	405.933392	396.528621	431.322937	34.7943164	29.0275703	0	0	0	0	3
169	287	0	2.1218015	396.501957	405.062867	396.501957	428.658673	32.1567158	29.0275703	0	0	0	0	3
170	288	0	2.13435654	396.486489	404.258563	396.486489	426.091752	29.6052631	29.0275703	0	0	0	0	3
171	290	0	2.14691158	396.509081	403.518996	396.486489	423.787566	27.3010776	29.0275703	0	0	0	0	3
172	291	0	2.15946662	396.50385	402.836903	396.486489	421.624952	25.1384635	29.0275703	0	0	0	0	3
173	293	0	2.17202166	396.506787	402.208949	396.486489	419.611129	23.1246402	29.0275703	0	0	0	0	3
174	295	0	2.1845767	396.537813	401.632116	396.486489	417.749563	21.2630743	29.0275703	0	0	0	0	3
175	296	0	2.19713173	396.584956	401.103001	396.486489	415.978566	19.4920773	29.0275703	0	0	0	0	3
176	298	0	2.20968677	396.579723	400.61803	396.486489	414.354002	17.8675134	29.0275703	0	0	0	0	3
177	300	0	2.22224181	396.625543	400.174818	396.486489	412.811084	16.3245958	29.0275703	0	0	0	0	3
178	301	0	2.23479685	396.657891	399.770988	396.486489	411.403715	14.9172266	29.0275703	0	0	0	0	3
179	303	0	2.24735189	396.698604	399.403361	396.486489	410.078355	13.5918668	29.0275703	0	0	0	0	3
180	304	0	2.25990693	396.723498	399.069489	396.486489	408.835207	12.3487189	29.0275703	0	0	0	0	3
181	306	0	2.27246197	396.751307	398.767392	396.486489	407.675834	11.1893455	29.0275703	0	0	0	0	3
182	307	0	2.285017	396.793499	398.495333	396.486489	406.630454	10.1439653	29.0275703	0	0	0	0	3
183	309	0	2.29757204	396.837553	398.250511	396.486489	405.646854	9.16036491	29.0275703	0	0	0	0	3
184	310	0	2.31012708	396.833635	398.03018	396.486489	404.680859	8.19436989	29.0275703	0	0	0	0	3
185	312	0	2.32268212	396.905165	397.835788	396.486489	403.839535	7.35304653	29.0275703	0	0	0	0	3
186	314	0	2.33523716	396.937841	397.663246	396.486489	403.055924	6.56943504	29.0275703	0	0	0	0	3
187	315	0	2.3477922	396.983023	397.511423	396.486489	402.27147	5.78498112	29.0275703	0	0	0	0	3
188	317	0	2.36034723	396.997725	397.379579	396.486489	401.579644	5.09315538	29.0275703	0	0	0	0	3
189	318	0	2.37290227	397.046149	397.266242	396.486489	400.961463	4.47497441	29.0275703	0	0	0	0	3
190	320	0	2.38545731	397.080192	397.16921	396.486489	400.365181	3.8786923	29.0275703	0	0	0	0	3
191	322	0	2.39801235	397.126325	397.088239	396.486489	399.818814	3.33232515	29.0275703	0	0	0	0	3
192	323	0	2.41056739	397.149426	397.021504	396.486489	399.330589	2.8441008	29.0275703	0	0	0	0	3
