Iteration	CPUTime	PhysTime	Travels	Value	AvValue	MinValue	MaxValue	Delta	Criteria	PrevAvRefValue	Progress	CriteriaType	CriteriaVarType	CriteriaPercentage
1	9	0	0.0125550385	1.05148269e-21	1.05148269e-21	1.05148269e-21	1.05148269e-21	0	0	0	0	0	0	3
2	11	0	0.025110077	-0.000226636215	-0.000113318107	-0.000226636215	1.05148269e-21	0.000113318107	0	0	0	0	0	3
3	12	0	0.0376651154	-0.000458123985	-0.0002282534	-0.000458123985	1.05148269e-21	0.0002282534	0	0	0	0	0	3
4	14	0	0.0502201539	-0.000742815056	-0.000356893814	-0.000742815056	1.05148269e-21	0.000356893814	0	0	0	0	0	3
5	15	0	0.0627751924	-0.0010004088	-0.000485596811	-0.0010004088	1.05148269e-21	0.000485596811	0	0	0	0	0	3
6	17	0	0.0753302309	-0.000992618182	-0.000570100372	-0.0010004088	1.05148269e-21	0.000570100372	0	0	0	0	0	3
7	18	0	0.0878852694	-0.000898107375	-0.000616958516	-0.0010004088	1.05148269e-21	0.000616958516	0	0	0	0	0	3
8	20	0	0.100440308	-0.0159758579	-0.00253682094	-0.0159758579	1.05148269e-21	0.00253682094	0	0	0	0	0	3
9	21	0	0.112995346	-0.0439383262	-0.00713698819	-0.0439383262	1.05148269e-21	0.00713698819	0	0	0	0	0	3
10	23	0	0.125550385	-0.081834786	-0.014606768	-0.081834786	1.05148269e-21	0.014606768	0	0	0	0	0	3
11	24	0	0.138105423	-0.129331728	-0.0250363098	-0.129331728	1.05148269e-21	0.0250363098	0	0	0	0	0	3
12	25	0	0.150660462	-0.204658773	-0.0400048484	-0.204658773	1.05148269e-21	0.0400048484	0	0	0	0	0	3
13	27	0	0.1632155	-0.271241645	-0.0577922942	-0.271241645	1.05148269e-21	0.0577922942	0	0	0	0	0	3
14	28	0	0.175770539	-0.322379837	-0.0766914044	-0.322379837	1.05148269e-21	0.0766914044	0	0	0	0	0	3
15	30	0	0.188325577	-0.367428386	-0.0960738698	-0.367428386	1.05148269e-21	0.0960738698	0	0	0	0	0	3
16	31	0	0.200880616	-0.420402782	-0.116344427	-0.420402782	1.05148269e-21	0.116344427	0	0	0	0	0	3
17	32	0	0.213435654	-0.483657102	-0.137951055	-0.483657102	1.05148269e-21	0.137951055	0	0	0	0	0	3
18	34	0	0.225990693	-0.530412181	-0.159754451	-0.530412181	1.05148269e-21	0.159754451	0	0	0	0	0	3
19	35	0	0.238545731	-0.563984536	-0.181029718	-0.563984536	1.05148269e-21	0.181029718	0	0	0	0	0	3
20	37	0	0.25110077	-0.618911691	-0.202923817	-0.618911691	1.05148269e-21	0.202923817	0	0	0	0	0	3
21	39	0	0.263655808	-0.671524808	-0.22523815	-0.671524808	1.05148269e-21	0.22523815	0	0	0	0	0	3
22	40	0	0.276210847	-0.748412041	-0.249018781	-0.748412041	1.05148269e-21	0.249018781	0	0	0	0	0	3
23	42	0	0.288765885	-0.82214912	-0.273937492	-0.82214912	1.05148269e-21	0.273937492	0	0	0	0	0	3
24	43	0	0.301320924	-0.919076373	-0.300818278	-0.919076373	1.05148269e-21	0.300818278	0	0	0	0	0	3
25	45	0	0.313875962	-0.985530086	-0.328206751	-0.985530086	1.05148269e-21	0.328206751	0	0	0	0	0	3
26	46	0	0.326431001	-1.08098878	-0.357159906	-1.08098878	1.05148269e-21	0.357159906	0	0	0	0	0	3
27	48	0	0.338986039	-1.19872677	-0.388329049	-1.19872677	1.05148269e-21	0.388329049	0	0	0	0	0	3
28	49	0	0.351541077	-1.27632889	-0.420043329	-1.27632889	1.05148269e-21	0.420043329	0	0	0	0	0	3
29	50	0	0.364096116	-1.40224994	-0.453912522	-1.40224994	1.05148269e-21	0.453912522	0	0	0	0	0	3
30	52	0	0.376651154	-1.53968248	-0.490104854	-1.53968248	1.05148269e-21	0.490104854	0	0	0	0	0	3
31	53	0	0.389206193	-1.59127399	-0.525626439	-1.59127399	1.05148269e-21	0.525626439	0	0	0	0	0	3
32	55	0	0.401761231	-1.76815581	-0.564455482	-1.76815581	1.05148269e-21	0.564455482	0	0	0	0	0	3
33	57	0	0.41431627	-1.88060433	-0.604338781	-1.88060433	1.05148269e-21	0.604338781	0	0	0	0	0	3
34	58	0	0.426871308	-1.94219103	-0.643687376	-1.94219103	1.05148269e-21	0.643687376	0	0	0	0	0	3
35	60	0	0.439426347	-2.13890937	-0.686408005	-2.13890937	1.05148269e-21	0.686408005	0	0	0	0	0	3
36	62	0	0.451981385	-2.26491341	-0.730255377	-2.26491341	1.05148269e-21	0.730255377	0	0	0	0	0	3
37	64	0	0.464536424	-2.31409772	-0.773061927	-2.31409772	1.05148269e-21	0.773061927	0	0	0	0	0	3
38	65	0	0.477091462	-2.495891	-0.818399534	-2.495891	1.05148269e-21	0.818399534	0	0	0	0	0	3
39	67	0	0.489646501	-2.59250993	-0.863889544	-2.59250993	1.05148269e-21	0.863889544	0	0	0	0	0	3
40	69	0	0.502201539	-2.75629655	-0.911199719	-2.75629655	1.05148269e-21	0.911199719	0	0	0	0	0	3
41	71	0	0.514756578	-2.90222787	-0.983755416	-2.90222787	-0.000226636215	0.983642098	0	0	0	0	0	3
42	73	0	0.527311616	-3.0057292	-1.05889298	-3.0057292	-0.000458123985	1.05866473	0	0	0	0	0	3
43	74	0	0.539866655	-3.10083418	-1.13640238	-3.10083418	-0.000742815056	1.13604549	0	0	0	0	0	3
44	76	0	0.552421693	-3.39464879	-1.22125003	-3.39464879	-0.000898107375	1.22076443	0	0	0	0	0	3
45	77	0	0.564976732	-3.45902273	-1.30770059	-3.45902273	-0.000898107375	1.30713049	0	0	0	0	0	3
46	79	0	0.57753177	-3.58237242	-1.39723508	-3.58237242	-0.000898107375	1.39661813	0	0	0	0	0	3
47	81	0	0.590086809	-3.90995917	-1.49496161	-3.90995917	-0.0159758579	1.49242479	0	0	0	0	0	3
48	82	0	0.602641847	-4.04804094	-1.59576324	-4.04804094	-0.0439383262	1.58862625	0	0	0	0	0	3
49	84	0	0.615196886	-4.22436023	-1.70027379	-4.22436023	-0.081834786	1.68566702	0	0	0	0	0	3
50	86	0	0.627751924	-4.42187587	-1.80877481	-4.42187587	-0.129331728	1.7837385	0	0	0	0	0	3
51	87	0	0.640306963	-4.56888378	-1.91976361	-4.56888378	-0.204658773	1.87975877	0	0	0	0	0	3
52	89	0	0.652862001	-4.59321356	-2.02947748	-4.59321356	-0.271241645	1.97168519	0	0	0	0	0	3
53	91	0	0.66541704	-4.56746094	-2.13688297	-4.59321356	-0.322379837	2.06019156	0	0	0	0	0	3
54	93	0	0.677972078	-4.55733684	-2.24275689	-4.59321356	-0.367428386	2.14668302	0	0	0	0	0	3
55	94	0	0.690527116	-4.41616454	-2.34397529	-4.59321356	-0.420402782	2.22763087	0	0	0	0	0	3
56	96	0	0.703082155	-4.27663903	-2.4403812	-4.59321356	-0.483657102	2.30243015	0	0	0	0	0	3
57	98	0	0.715637193	-4.12694051	-2.53146329	-4.59321356	-0.530412181	2.37170884	0	0	0	0	0	3
58	100	0	0.728192232	-3.96031697	-2.61721091	-4.59321356	-0.563984536	2.43618119	0	0	0	0	0	3
59	101	0	0.74074727	-3.80502079	-2.69823681	-4.59321356	-0.618911691	2.495313	0	0	0	0	0	3
60	103	0	0.753302309	-3.68962191	-2.77500457	-4.59321356	-0.671524808	2.54976642	0	0	0	0	0	3
61	104	0	0.765857347	-3.55722385	-2.84714704	-4.59321356	-0.748412041	2.59812826	0	0	0	0	0	3
62	106	0	0.778412386	-3.42413456	-2.91404011	-4.59321356	-0.82214912	2.64010262	0	0	0	0	0	3
63	108	0	0.790967424	-3.31278668	-2.97630605	-4.59321356	-0.919076373	2.67548777	0	0	0	0	0	3
64	109	0	0.803522463	-3.21346084	-3.03366566	-4.59321356	-0.985530086	2.70545891	0	0	0	0	0	3
65	111	0	0.816077501	-3.12714238	-3.08720597	-4.59321356	-1.08098878	2.73004606	0	0	0	0	0	3
66	113	0	0.82863254	-3.06530557	-3.13681388	-4.59321356	-1.19872677	2.74848484	0	0	0	0	0	3
67	114	0	0.841187578	-3.00549612	-3.18198312	-4.59321356	-1.27632889	2.76193979	0	0	0	0	0	3
68	116	0	0.853742617	-2.94682761	-3.22374559	-4.59321356	-1.40224994	2.76983306	0	0	0	0	0	3
69	118	0	0.866297655	-2.92524413	-3.26182044	-4.59321356	-1.53968248	2.77171559	0	0	0	0	0	3
70	119	0	0.878852694	-2.88328089	-3.2954104	-4.59321356	-1.59127399	2.76978396	0	0	0	0	0	3
71	121	0	0.891407732	-2.87723917	-3.32755953	-4.59321356	-1.76815581	2.76310405	0	0	0	0	0	3
72	123	0	0.903962771	-2.87136169	-3.35513968	-4.59321356	-1.88060433	2.71260923	0	0	0	0	0	3
73	124	0	0.916517809	-2.90823313	-3.3808304	-4.59321356	-1.94219103	2.65102254	0	0	0	0	0	3
74	126	0	0.929072848	-2.85702162	-3.40370116	-4.59321356	-2.13890937	2.45430419	0	0	0	0	0	3
75	128	0	0.941627886	-2.88303744	-3.42230436	-4.59321356	-2.26491341	2.32830015	0	0	0	0	0	3
76	129	0	0.954182925	-2.9202867	-3.4386887	-4.59321356	-2.31409772	2.27911585	0	0	0	0	0	3
77	131	0	0.966737963	-2.96189171	-3.45488355	-4.59321356	-2.495891	2.09732256	0	0	0	0	0	3
78	133	0	0.979293002	-2.94973533	-3.46622965	-4.59321356	-2.59250993	2.00070364	0	0	0	0	0	3
79	134	0	0.99184804	-2.93321117	-3.47474719	-4.59321356	-2.75629655	1.83691701	0	0	0	0	0	3
80	136	0	1.00440308	-2.92819552	-3.47904466	-4.59321356	-2.85702162	1.73619194	0.137782663	0	7.9	0	0	3
81	137	0	1.01695812	-2.9681822	-3.48069352	-4.59321356	-2.85702162	1.73619194	0.137782663	0	7.9	0	0	3
82	139	0	1.02951316	-2.94896944	-3.47927452	-4.59321356	-2.85702162	1.73619194	0.137782663	0	7.9	0	0	3
83	141	0	1.04206819	-2.90107043	-3.47428043	-4.59321356	-2.85702162	1.73619194	0.137782663	0	7.9	0	0	3
84	142	0	1.05462323	-2.93109201	-3.46269151	-4.59321356	-2.85702162	1.73619194	0.137782663	0	7.9	0	0	3
85	144	0	1.06717827	-2.87713486	-3.44814431	-4.59321356	-2.85702162	1.73619194	0.137782663	0	7.9	0	0	3
86	146	0	1.07973331	-2.84154458	-3.42962362	-4.59321356	-2.84154458	1.75166899	0.137782663	0	7.8	0	0	3
87	147	0	1.09228835	-2.77146696	-3.40116131	-4.59321356	-2.77146696	1.8217466	0.137782663	0	7.5	0	0	3
88	149	0	1.10484339	-2.82347379	-3.37054713	-4.59321356	-2.77146696	1.78041973	0.137782663	0	7.7	0	0	3
89	151	0	1.11739842	-2.62594414	-3.33058673	-4.59321356	-2.62594414	1.67191871	0.137782663	0	8.2	0	0	3
90	153	0	1.12995346	-2.66087183	-3.28656163	-4.59321356	-2.62594414	1.5609299	0.137782663	0	8.8	0	0	3
91	154	0	1.1425085	-2.54783433	-3.23603539	-4.59321356	-2.54783433	1.45121603	0.137782663	0	9.4	0	0	3
92	156	0	1.15506354	-2.53002039	-3.18445557	-4.56746094	-2.53002039	1.34381055	0.137782663	0	10.2	0	0	3
93	158	0	1.16761858	-2.35223744	-3.12907498	-4.55733684	-2.35223744	1.23793663	0.137782663	0	11.1	0	0	3
94	160	0	1.18017362	-2.28324107	-3.07222258	-4.41616454	-2.28324107	1.13671822	0.137782663	0	12.1	0	0	3
95	162	0	1.19272866	-2.24355827	-3.01790743	-4.27663903	-2.24355827	1.04031232	0.137782663	0	13.2	0	0	3
96	164	0	1.20528369	-2.19594074	-2.96588997	-4.12694051	-2.19594074	0.949230232	0.137782663	0	14.5	0	0	3
97	166	0	1.21783873	-2.0908449	-2.91498758	-3.96031697	-2.0908449	0.863482612	0.137782663	0	15.9	0	0	3
98	167	0	1.23039377	-2.05291193	-2.86730245	-3.80502079	-2.05291193	0.782456706	0.137782663	0	17.6	0	0	3
99	169	0	1.24294881	-2.14471993	-2.82579493	-3.68962191	-2.05291193	0.70568895	0.137782663	0	19.5	0	0	3
100	171	0	1.25550385	-2.17170096	-2.78784691	-3.55722385	-2.05291193	0.69284661	0.137782663	0	19.8	0	0	3
101	173	0	1.26805889	-2.35649611	-2.75782871	-3.42413456	-2.05291193	0.722864804	0.137782663	0	19	0	0	3
102	175	0	1.28061393	-2.64520112	-2.73835538	-3.31278668	-2.05291193	0.74233814	0.137782663	0	18.5	0	0	3
103	177	0	1.29316896	-2.82133902	-2.72606919	-3.21346084	-2.05291193	0.754624331	0.137782663	0	18.2	0	0	3
104	179	0	1.305724	-3.12912968	-2.72396091	-3.12912968	-2.05291193	0.75673261	0.137782663	0	18.2	0	0	3
105	180	0	1.31827904	-3.49665127	-2.73319863	-3.49665127	-2.05291193	0.75673261	0.137782663	0	18.2	0	0	3
106	182	0	1.33083408	-3.83555307	-2.75245482	-3.83555307	-2.05291193	0.75673261	0.137782663	0	18.2	0	0	3
107	184	0	1.34338912	-4.22625638	-2.78297382	-4.22625638	-2.05291193	0.75673261	0.137782663	0	18.2	0	0	3
108	186	0	1.35594416	-4.67313982	-2.82613163	-4.67313982	-2.05291193	0.75673261	0.137782663	0	18.2	0	0	3
109	187	0	1.36849919	-5.13053457	-2.88126389	-5.13053457	-2.05291193	0.75673261	0.137782663	0	18.2	0	0	3
110	189	0	1.38105423	-5.6605527	-2.95069569	-5.6605527	-2.05291193	0.75673261	0.137782663	0	18.2	0	0	3
111	191	0	1.39360927	-6.27589646	-3.03566212	-6.27589646	-2.05291193	0.75673261	0.137782663	0	18.2	0	0	3
112	192	0	1.40616431	-6.80712796	-3.13405627	-6.80712796	-2.05291193	0.75673261	0.137782663	0	18.2	0	0	3
113	194	0	1.41871935	-7.40470604	-3.2464681	-7.40470604	-2.05291193	0.75673261	0.137782663	0	18.2	0	0	3
114	196	0	1.43127439	-7.96401158	-3.37414285	-7.96401158	-2.05291193	0.75673261	0.137782663	0	18.2	0	0	3
115	197	0	1.44382943	-8.34948987	-3.51080416	-8.34948987	-2.05291193	0.786843249	0.137782663	0	17.5	0	0	3
116	199	0	1.45638446	-8.93422067	-3.66115251	-8.93422067	-2.05291193	0.937191598	0.137782663	0	14.7	0	0	3
117	201	0	1.4689395	-9.25600895	-3.81850544	-9.25600895	-2.05291193	1.09454453	0.137782663	0	12.5	0	0	3
118	203	0	1.48149454	-9.62120302	-3.98529213	-9.62120302	-2.05291193	1.26133122	0.137782663	0	10.9	0	0	3
119	206	0	1.49404958	-9.72786208	-4.1551584	-9.72786208	-2.05291193	1.43119749	0.138168187	0	9.6	0	0	3
120	208	0	1.50660462	-9.97395964	-4.3313025	-9.97395964	-2.05291193	1.6073416	0.140654768	0	8.7	0	0	3
121	210	0	1.51915966	-10.1182518	-4.51005425	-10.1182518	-2.05291193	1.78609334	0.143125632	0	8	0	0	3
122	211	0	1.53171469	-10.1404348	-4.68984088	-10.1404348	-2.05291193	1.96587997	0.145494681	0	7.4	0	0	3
123	213	0	1.54426973	-10.1757854	-4.87170875	-10.1757854	-2.05291193	2.14774784	0.147778205	0	6.8	0	0	3
124	214	0	1.55682477	-10.3882269	-5.05813712	-10.3882269	-2.05291193	2.33417622	0.150102778	0	6.4	0	0	3
125	216	0	1.56937981	-10.3984235	-5.24616934	-10.3984235	-2.05291193	2.52220843	0.152330836	0	6	0	0	3
126	218	0	1.58193485	-10.2505556	-5.43139462	-10.3984235	-2.05291193	2.70743371	0.154462021	0	5.7	0	0	3
127	219	0	1.59448989	-10.4863275	-5.62426613	-10.4863275	-2.05291193	2.90030522	0.156558626	0	5.3	0	0	3
128	221	0	1.60704493	-10.3482666	-5.81238595	-10.4863275	-2.05291193	3.08842504	0.158567873	0	5.1	0	0	3
129	223	0	1.61959996	-10.2442549	-6.00284372	-10.4863275	-2.05291193	3.27888281	0.160495109	0	4.8	0	0	3
130	224	0	1.632155	-10.4698963	-6.19806933	-10.4863275	-2.05291193	3.47410842	0.162345256	0	4.6	0	0	3
131	226	0	1.64471004	-10.2625861	-6.39093812	-10.4863275	-2.05291193	3.66697722	0.164122849	0	4.4	0	0	3
132	228	0	1.65726508	-10.462402	-6.58924766	-10.4863275	-2.05291193	3.86528676	0.165832072	0	4.2	0	0	3
133	229	0	1.66982012	-10.2223936	-6.78600157	-10.4863275	-2.05291193	4.06204066	0.167476797	0	4.1	0	0	3
134	231	0	1.68237516	-10.3070144	-6.9865959	-10.4863275	-2.05291193	4.262635	0.169060605	0	3.9	0	0	3
135	232	0	1.69493019	-10.354891	-7.18937922	-10.4863275	-2.05291193	4.46541831	0.170586821	0	3.8	0	0	3
136	234	0	1.70748523	-10.2032402	-7.38956171	-10.4863275	-2.05291193	4.6656008	0.172058529	0	3.6	0	0	3
137	236	0	1.72004027	-10.3002609	-7.59479711	-10.4863275	-2.05291193	4.8708362	0.173478598	0	3.5	0	0	3
138	237	0	1.73259531	-10.2440188	-7.79957478	-10.4863275	-2.14471993	5.07561387	0.174849699	0	3.4	0	0	3
139	239	0	1.74515035	-10.3260066	-8.00410695	-10.4863275	-2.17170096	5.28014604	0.176174323	0	3.3	0	0	3
140	241	0	1.75770539	-10.1361792	-8.2032189	-10.4863275	-2.35649611	5.47925799	0.177454792	0	3.2	0	0	3
141	242	0	1.77026043	-10.1260085	-8.39745671	-10.4863275	-2.64520112	5.67349581	0.178693278	0	3.1	0	0	3
142	244	0	1.78281546	-10.260203	-8.58783176	-10.4863275	-2.82133902	5.86387085	0.179891814	0	3	0	0	3
143	245	0	1.7953705	-10.280183	-8.77430286	-10.4863275	-3.12912968	6.05034195	0.1810523	0	2.9	0	0	3
144	247	0	1.80792554	-10.0996765	-8.94856653	-10.4863275	-3.49665127	6.2153679	0.182176521	0	2.9	0	0	3
145	249	0	1.82048058	-10.0751631	-9.11302933	-10.4863275	-3.83555307	6.36057451	0.183266151	0	2.8	0	0	3
146	250	0	1.83303562	-10.2920961	-9.2744429	-10.4863275	-4.22625638	6.26007116	0.184322762	0	2.9	0	0	3
147	252	0	1.84559066	-10.088367	-9.42099567	-10.4863275	-4.67313982	5.81318772	0.185347833	0	3.1	0	0	3
148	253	0	1.8581457	-10.0216504	-9.55470843	-10.4863275	-5.13053457	5.35579297	0.186342754	0	3.4	0	0	3
149	255	0	1.87070073	-10.2238987	-9.68204254	-10.4863275	-5.6605527	4.82577484	0.187308836	0	3.8	0	0	3
150	256	0	1.88325577	-10.1390049	-9.79400384	-10.4863275	-6.27589646	4.21043108	0.188247317	0	4.4	0	0	3
151	258	0	1.89581081	-10.0410049	-9.88813156	-10.4863275	-6.80712796	3.67919958	0.189159361	0	5.1	0	0	3
152	260	0	1.90836585	-10.1091117	-9.97068115	-10.4863275	-7.40470604	3.0816215	0.190046071	0	6.1	0	0	3
153	261	0	1.92092089	-10.1394652	-10.0390501	-10.4863275	-7.96401158	2.52231595	0.190908488	0	7.5	0	0	3
154	263	0	1.93347593	-10.0746501	-10.0918161	-10.4863275	-8.34948987	2.13683766	0.191747595	0	8.9	0	0	3
155	265	0	1.94603096	-10.0258747	-10.1337257	-10.4863275	-8.93422067	1.55210687	0.192564327	0	12.4	0	0	3
156	266	0	1.958586	-10.1556121	-10.1642605	-10.4863275	-9.25600895	1.23031859	0.193359566	0	15.7	0	0	3
157	268	0	1.97114104	-10.0367428	-10.1837788	-10.4863275	-9.62120302	0.865124522	0.194134149	0	22.4	0	0	3
158	269	0	1.98369608	-10.1556698	-10.1971405	-10.4863275	-9.72786208	0.758465457	0.194888871	0	25.6	0	0	3
159	271	0	1.99625112	-10.0902146	-10.2061993	-10.4863275	-9.97395964	0.512367903	0.195624486	0	38.1	0	0	3
160	273	0	2.00880616	-10.0404755	-10.2078622	-10.4863275	-10.0216504	0.464677101	0.196341711	0	42.2	0	0	3
161	274	0	2.0213612	-10.1277504	-10.2080997	-10.4863275	-10.0216504	0.464677101	0.197041226	0	42.4	0	0	3
162	276	0	2.03391623	-10.0812401	-10.2066198	-10.4863275	-10.0216504	0.464677101	0.197723681	0	42.5	0	0	3
163	277	0	2.04647127	-10.0541514	-10.203579	-10.4863275	-10.0216504	0.464677101	0.19838969	0	42.6	0	0	3
164	279	0	2.05902631	-9.98991015	-10.1936211	-10.4863275	-9.98991015	0.49641739	0.199039842	0	40	0	0	3
165	280	0	2.07158135	-10.0873915	-10.1858453	-10.4863275	-9.98991015	0.49641739	0.199674697	0	40.2	0	0	3
166	282	0	2.08413639	-10.0223288	-10.1801396	-10.4863275	-9.98991015	0.49641739	0.200294787	0	40.3	0	0	3
167	284	0	2.09669143	-10.1874132	-10.1726667	-10.4698963	-9.98991015	0.479986132	0.200900622	0	41.8	0	0	3
168	285	0	2.10924646	-9.93891242	-10.1624329	-10.4698963	-9.93891242	0.53098386	0.201492689	0	37.9	0	0	3
169	287	0	2.1218015	-10.0297827	-10.1570711	-10.4698963	-9.93891242	0.53098386	0.20207145	0	38	0	0	3
170	288	0	2.13435654	-10.0599327	-10.146822	-10.462402	-9.93891242	0.5234896	0.202637351	0	38.7	0	0	3
171	290	0	2.14691158	-10.1152182	-10.1431378	-10.462402	-9.93891242	0.5234896	0.203190813	0	38.8	0	0	3
172	291	0	2.15946662	-9.94329777	-10.1301602	-10.354891	-9.93891242	0.415978553	0.203732244	0	48.9	0	0	3
173	293	0	2.17202166	-10.0880564	-10.1268017	-10.354891	-9.93891242	0.415978553	0.204262032	0	49.1	0	0	3
174	295	0	2.1845767	-10.1446744	-10.1227432	-10.354891	-9.93891242	0.415978553	0.204780547	0	49.2	0	0	3
175	296	0	2.19713173	-10.033482	-10.114708	-10.3260066	-9.93891242	0.387094201	0.205288146	0	53	0	0	3
176	298	0	2.20968677	-9.87276732	-10.1064462	-10.3260066	-9.87276732	0.453239305	0.20578517	0	45.4	0	0	3
177	300	0	2.22224181	-10.1384341	-10.1024005	-10.3260066	-9.87276732	0.453239305	0.206271947	0	45.5	0	0	3
178	301	0	2.23479685	-9.97786843	-10.0957468	-10.3260066	-9.87276732	0.453239305	0.206720684	0	45.6	0	0	3
179	303	0	2.24735189	-10.0397422	-10.0885902	-10.2920961	-9.87276732	0.419328814	0.20715218	0	49.4	0	0	3
180	304	0	2.25990693	-9.96193937	-10.0842342	-10.2920961	-9.87276732	0.419328814	0.207519608	0	49.4	0	0	3
181	306	0	2.27246197	-10.0447017	-10.0822015	-10.2920961	-9.87276732	0.419328814	0.207794006	0	49.5	0	0	3
182	307	0	2.285017	-10.0270725	-10.0763732	-10.2920961	-9.87276732	0.419328814	0.208011218	0	49.6	0	0	3
183	309	0	2.29757204	-9.99718624	-10.0692983	-10.2920961	-9.87276732	0.419328814	0.208134565	0	49.6	0	0	3
184	310	0	2.31012708	-9.91314168	-10.0646349	-10.2920961	-9.87276732	0.419328814	0.208149524	0	49.6	0	0	3
185	312	0	2.32268212	-10.2443861	-10.0688655	-10.2920961	-9.87276732	0.419328814	0.208067369	0	49.6	0	0	3
186	314	0	2.33523716	-9.89085316	-10.0588344	-10.2443861	-9.87276732	0.371618821	0.207876187	0	55.9	0	0	3
187	315	0	2.3477922	-10.0000973	-10.0566277	-10.2443861	-9.87276732	0.371618821	0.207563285	0	55.8	0	0	3
188	317	0	2.36034723	-9.9639482	-10.0551851	-10.2443861	-9.87276732	0.371618821	0.207129123	0	55.7	0	0	3
189	318	0	2.37290227	-10.1034506	-10.0521739	-10.2443861	-9.87276732	0.371618821	0.20655705	0	55.5	0	0	3
190	320	0	2.38545731	-9.93865731	-10.0471652	-10.2443861	-9.87276732	0.319968133	0.205827558	0	64.3	0	0	3
191	322	0	2.39801235	-10.0419086	-10.0471878	-10.2443861	-9.87276732	0.237418539	0.204967634	0	86.3	0	0	3
192	323	0	2.41056739	-9.9691681	-10.0436892	-10.2443861	-9.87276732	0.169049561	0.203963001	0	100	0	0	3
