Iteration	CPUTime	PhysTime	Travels	Value	AvValue	MinValue	MaxValue	Delta	Criteria	PrevAvRefValue	Progress	CriteriaType	CriteriaVarType	CriteriaPercentage
1	9	7.09592683e-05	0.00556879605	0.128421479	0.128421479	0.128421479	0.128421479	0	0	0	0	0	0	3
2	10	9.29581808e-05	0.0111375921	-4.44469362	-0.953823868	-4.44469362	0.128421479	1.08224535	0	0	0	0	0	3
3	12	0.000117888856	0.0167063882	-5.06329127	-1.82287801	-5.06329127	0.128421479	1.95129948	0	0	0	0	0	3
4	13	0.00014356205	0.0222751842	-6.14229622	-2.59531934	-6.14229622	0.128421479	2.72374081	0	0	0	0	0	3
5	14	0.000169492047	0.0278439803	-7.77902993	-3.38835713	-7.77902993	0.128421479	3.51677861	0	0	0	0	0	3
6	16	0.000214100354	0.0334127763	-11.1132193	-4.99785014	-11.1132193	0.128421479	5.12627162	0	0	0	0	0	3
7	17	0.000268041784	0.0389815724	-15.0585577	-7.02249326	-15.0585577	0.128421479	7.15091474	0	0	0	0	0	3
8	18	0.000324199003	0.0445503684	-21.2518077	-9.48727175	-21.2518077	0.128421479	9.61569323	0	0	0	0	0	3
9	20	0.000381054483	0.0501191645	-28.2035027	-12.2798391	-28.2035027	0.128421479	12.4082605	0	0	0	0	0	3
10	21	0.000438108063	0.0556879605	-32.3879562	-14.8984626	-32.3879562	0.128421479	15.026884	0	0	0	0	0	3
11	22	0.000523672102	0.0612567566	-42.891436	-19.4723015	-42.891436	0.128421479	19.600723	0	0	0	0	0	3
12	23	0.000609846314	0.0668255526	-47.0231033	-23.3653621	-47.0231033	0.128421479	23.4937835	0	0	0	0	0	3
13	25	0.000693455586	0.0723943487	-51.6251035	-26.7726119	-51.6251035	0.128421479	26.9010334	0	0	0	0	0	3
14	26	0.000773939311	0.0779631447	-57.763742	-29.9954506	-57.763742	0.128421479	30.1238721	0	0	0	0	0	3
15	27	0.000848255761	0.0835319408	-61.4903822	-32.7547499	-61.4903822	0.128421479	32.8831714	0	0	0	0	0	3
16	29	0.000950820798	0.0891007368	-70.6949586	-36.8473601	-70.6949586	0.128421479	36.9757816	0	0	0	0	0	3
17	30	0.00104564788	0.0946695329	-78.20043	-40.5975625	-78.20043	0.128421479	40.7259839	0	0	0	0	0	3
18	31	0.00113603186	0.100238329	-86.957911	-44.2860441	-86.957911	0.128421479	44.4144656	0	0	0	0	0	3
19	32	0.00122488323	0.105807125	-94.2272056	-47.9087082	-94.2272056	0.128421479	48.0371297	0	0	0	0	0	3
20	34	0.00131268946	0.111375921	-102.500106	-51.5603448	-102.500106	0.128421479	51.6887663	0	0	0	0	0	3
21	35	0.00144376926	0.116944717	-114.728251	-57.2953587	-114.728251	0.128421479	57.4237801	0	0	0	0	0	3
22	36	0.00157550843	0.122513513	-124.980941	-62.9550186	-124.980941	0.128421479	63.0834401	0	0	0	0	0	3
23	38	0.00170915783	0.128082309	-134.855797	-68.5773758	-134.855797	0.128421479	68.7057972	0	0	0	0	0	3
24	39	0.00184509052	0.133651105	-142.536856	-74.0261663	-142.536856	0.128421479	74.1545878	0	0	0	0	0	3
25	40	0.00198154309	0.139219901	-147.576482	-79.0909712	-147.576482	0.128421479	79.2193927	0	0	0	0	0	3
26	42	0.00218701597	0.144788697	-167.405137	-87.3881973	-167.405137	0.128421479	87.5166188	0	0	0	0	0	3
27	43	0.00239276647	0.150357493	-175.163386	-94.9358577	-175.163386	0.128421479	95.0642792	0	0	0	0	0	3
28	45	0.00259829459	0.155926289	-181.79326	-101.806379	-181.79326	0.128421479	101.934801	0	0	0	0	0	3
29	46	0.00280276313	0.161495086	-187.065494	-108.026244	-187.065494	0.128421479	108.154665	0	0	0	0	0	3
30	48	0.00300639112	0.167063882	-193.594178	-113.821905	-193.594178	0.128421479	113.950327	0	0	0	0	0	3
31	49	0.00327345526	0.172632678	-207.410899	-121.457343	-207.410899	0.128421479	121.585765	0	0	0	0	0	3
32	51	0.00353980988	0.178201474	-214.987654	-128.495074	-214.987654	0.128421479	128.623496	0	0	0	0	0	3
33	53	0.00380582861	0.18377027	-228.312064	-135.472054	-228.312064	0.128421479	135.600476	0	0	0	0	0	3
34	54	0.00407209079	0.189339066	-236.443436	-142.074279	-236.443436	0.128421479	142.202701	0	0	0	0	0	3
35	56	0.00433886706	0.194907862	-242.293403	-148.236276	-242.293403	0.128421479	148.364697	0	0	0	0	0	3
36	57	0.00460671099	0.200476658	-249.374382	-154.11666	-249.374382	0.128421479	154.245081	0	0	0	0	0	3
37	58	0.00487581881	0.206045454	-254.137019	-159.637017	-254.137019	0.128421479	159.765438	0	0	0	0	0	3
38	60	0.00514614441	0.21161425	-261.36412	-164.980714	-261.36412	0.128421479	165.109136	0	0	0	0	0	3
39	61	0.00541757703	0.217183046	-267.038504	-170.094036	-267.038504	0.128421479	170.222457	0	0	0	0	0	3
40	63	0.00568997614	0.222751842	-275.046032	-175.118456	-275.046032	0.128421479	175.246877	0	0	0	0	0	3
41	64	0.00596330051	0.228320638	-280.541373	-179.950453	-280.541373	0.128421479	180.078875	0	0	0	0	0	3
42	66	0.00623712204	0.233889434	-288.289655	-184.70675	-288.289655	0.128421479	184.835172	0	0	0	0	0	3
43	67	0.00651125251	0.23945823	-293.489919	-189.286635	-293.489919	0.128421479	189.415056	0	0	0	0	0	3
44	69	0.00678557658	0.245027026	-301.293099	-193.814779	-301.293099	0.128421479	193.9432	0	0	0	0	0	3
45	70	0.00705997724	0.250595822	-307.766645	-198.243754	-307.766645	0.128421479	198.372176	0	0	0	0	0	3
46	71	0.00733459806	0.256164618	-316.881504	-202.68577	-316.881504	0.128421479	202.814191	0	0	0	0	0	3
47	73	0.00760935634	0.261733414	-324.325047	-207.077915	-324.325047	0.128421479	207.206336	0	0	0	0	0	3
48	74	0.00788430355	0.267302211	-333.652306	-211.49191	-333.652306	0.128421479	211.620331	0	0	0	0	0	3
49	76	0.0081594902	0.272871007	-341.559559	-215.878566	-341.559559	0.128421479	216.006988	0	0	0	0	0	3
50	77	0.00843506663	0.278439803	-351.498891	-220.309327	-351.498891	0.128421479	220.437749	0	0	0	0	0	3
51	79	0.00871119204	0.284008599	-359.945241	-224.735475	-359.945241	0.128421479	224.863897	0	0	0	0	0	3
52	80	0.00898775985	0.289577395	-370.451952	-229.219405	-370.451952	0.128421479	229.347827	0	0	0	0	0	3
53	81	0.00926484789	0.295146191	-380.776	-233.752078	-380.776	0.128421479	233.880499	0	0	0	0	0	3
54	83	0.00954227685	0.300714987	-391.462008	-238.337283	-391.462008	0.128421479	238.465705	0	0	0	0	0	3
55	84	0.00982027325	0.306283783	-401.727189	-242.962593	-401.727189	0.128421479	243.091014	0	0	0	0	0	3
56	86	0.0100986987	0.311852579	-412.580724	-247.639038	-412.580724	0.128421479	247.76746	0	0	0	0	0	3
57	87	0.0103774017	0.317421375	-423.318814	-252.357221	-423.318814	0.128421479	252.485643	0	0	0	0	0	3
58	89	0.0106558981	0.322990171	-434.560826	-257.119188	-434.560826	0.128421479	257.24761	0	0	0	0	0	3
59	90	0.0109345451	0.328558967	-444.027327	-261.882203	-444.027327	0.128421479	262.010625	0	0	0	0	0	3
60	92	0.0112131852	0.334127763	-455.549977	-266.694717	-455.549977	0.128421479	266.823138	0	0	0	0	0	3
61	93	0.0114920312	0.339696559	-464.63767	-271.497662	-464.63767	0.128421479	271.626083	0	0	0	0	0	3
62	95	0.0117707056	0.345265355	-476.040998	-276.340276	-476.040998	0.128421479	276.468698	0	0	0	0	0	3
63	97	0.012049287	0.350834151	-486.478873	-281.198713	-486.478873	0.128421479	281.327135	0	0	0	0	0	3
64	98	0.0123279651	0.356402947	-496.273092	-286.060548	-496.273092	0.128421479	286.188969	0	0	0	0	0	3
65	99	0.012606661	0.361971743	-506.086252	-290.924664	-506.086252	0.128421479	291.053085	0	0	0	0	0	3
66	101	0.0128854829	0.367540539	-517.111938	-295.819007	-517.111938	0.128421479	295.947429	0	0	0	0	0	3
67	102	0.0131641859	0.373109336	-526.091902	-300.694184	-526.091902	0.128421479	300.822605	0	0	0	0	0	3
68	104	0.0134429197	0.378678132	-536.425225	-305.581978	-536.425225	0.128421479	305.710399	0	0	0	0	0	3
69	105	0.0137216416	0.384246928	-544.960834	-310.444379	-544.960834	0.128421479	310.5728	0	0	0	0	0	3
70	106	0.0140004365	0.389815724	-555.310357	-315.320468	-555.310357	0.128421479	315.44889	0	0	0	0	0	3
71	108	0.014279302	0.39538452	-564.138065	-320.179716	-564.138065	0.128421479	320.308137	0	0	0	0	0	3
72	109	0.0145582185	0.400953316	-574.081897	-325.04415	-574.081897	0.128421479	325.172571	0	0	0	0	0	3
73	111	0.0148371015	0.406522112	-581.401626	-329.862729	-581.401626	0.128421479	329.99115	0	0	0	0	0	3
74	112	0.0151160433	0.412090908	-591.525769	-334.691291	-591.525769	0.128421479	334.819712	0	0	0	0	0	3
75	113	0.0153950485	0.417659704	-597.564995	-339.455363	-597.564995	0.128421479	339.583785	0	0	0	0	0	3
76	115	0.0156741414	0.4232285	-607.322269	-344.224987	-607.322269	0.128421479	344.353408	0	0	0	0	0	3
77	116	0.0159532871	0.428797296	-613.827609	-348.94241	-613.827609	0.128421479	349.070831	0	0	0	0	0	3
78	118	0.0162324036	0.434366092	-623.312479	-353.66021	-623.312479	0.128421479	353.788632	0	0	0	0	0	3
79	119	0.0165115541	0.439934888	-630.511983	-358.340769	-630.511983	0.128421479	358.46919	0	0	0	0	0	3
80	121	0.0167906584	0.445503684	-639.859426	-363.02034	-639.859426	0.128421479	363.148761	0	0	0	0	0	3
81	122	0.0170698392	0.45107248	-645.748183	-367.644413	-645.748183	0.128421479	367.772834	0	0	0	0	0	3
82	123	0.017348957	0.456641276	-655.252534	-372.271582	-655.252534	0.128421479	372.400003	0	0	0	0	0	3
83	125	0.0176280826	0.462210072	-662.203699	-376.862407	-662.203699	0.128421479	376.990829	0	0	0	0	0	3
84	126	0.0179072489	0.467778868	-670.403216	-381.438582	-670.403216	0.128421479	381.567004	0	0	0	0	0	3
85	128	0.0181863564	0.473347664	-678.130803	-385.991942	-678.130803	0.128421479	386.120364	0	0	0	0	0	3
86	129	0.0184654386	0.478916461	-686.039078	-390.526782	-686.039078	0.128421479	390.655204	0	0	0	0	0	3
87	131	0.018744465	0.484485257	-693.671328	-395.039332	-693.671328	0.128421479	395.167754	0	0	0	0	0	3
88	132	0.0190234789	0.490054053	-701.079498	-399.527968	-701.079498	0.128421479	399.65639	0	0	0	0	0	3
89	134	0.0193024376	0.495622849	-707.870692	-403.984135	-707.870692	0.128421479	404.112557	0	0	0	0	0	3
90	136	0.0195813522	0.501191645	-714.724286	-408.410282	-714.724286	0.128421479	408.538704	0	0	0	0	0	3
91	137	0.0198602642	0.506760441	-721.352915	-414.285833	-721.352915	-4.44469362	413.332009	0	0	0	0	0	3
92	139	0.0201391667	0.512329237	-728.67592	-419.109701	-728.67592	-5.06329127	417.286823	0	0	0	0	0	3
93	140	0.0204179964	0.517898033	-735.090282	-423.958306	-735.090282	-6.14229622	421.362987	0	0	0	0	0	3
94	142	0.0206967882	0.523466829	-742.981503	-428.807556	-742.981503	-7.77902993	425.419199	0	0	0	0	0	3
95	143	0.0209755122	0.529035625	-749.860452	-433.633198	-749.860452	-11.1132193	428.635348	0	0	0	0	0	3
96	144	0.0212542591	0.534604421	-756.145962	-438.80176	-756.145962	-15.0585577	431.779267	0	0	0	0	0	3
97	146	0.0215329329	0.540173217	-765.992599	-444.164441	-765.992599	-21.2518077	434.677169	0	0	0	0	0	3
98	147	0.0218115576	0.545742013	-772.595166	-449.528454	-772.595166	-28.2035027	437.248615	0	0	0	0	0	3
99	148	0.0220901519	0.551310809	-779.249517	-454.863225	-779.249517	-32.3879562	439.964763	0	0	0	0	0	3
100	150	0.022368737	0.556879605	-787.095165	-460.182661	-787.095165	-42.891436	440.71036	0	0	0	0	0	3
101	152	0.0226473128	0.562448401	-792.403917	-465.979805	-792.403917	-47.0231033	442.614443	0	0	0	0	0	3
102	153	0.022925842	0.568017197	-799.979233	-471.766321	-799.979233	-51.6251035	444.993709	0	0	0	0	0	3
103	155	0.0232043091	0.573585993	-806.259535	-477.464597	-806.259535	-57.763742	447.469147	0	0	0	0	0	3
104	156	0.0234827379	0.579154789	-813.33413	-483.070127	-813.33413	-61.4903822	450.315377	0	0	0	0	0	3
105	158	0.0237610564	0.584723586	-820.250724	-488.533182	-820.250724	-70.6949586	451.685822	0	0	0	0	0	3
106	159	0.0240393689	0.590292382	-826.371713	-494.461675	-826.371713	-78.20043	453.864112	0	0	0	0	0	3
107	161	0.024317641	0.595861178	-836.738407	-500.25056	-836.738407	-86.957911	455.964516	0	0	0	0	0	3
108	162	0.0245959127	0.601429974	-842.326593	-505.900423	-842.326593	-94.2272056	457.991715	0	0	0	0	0	3
109	163	0.024874104	0.60699877	-848.586594	-511.478198	-848.586594	-102.500106	459.917853	0	0	0	0	0	3
110	165	0.0251522582	0.612567566	-854.680546	-516.988953	-854.680546	-114.728251	459.693594	0	0	0	0	0	3
111	166	0.0254303442	0.618136362	-861.279192	-523.178688	-861.279192	-124.980941	460.223669	0	0	0	0	0	3
112	168	0.0257084335	0.623705158	-867.286981	-529.317648	-867.286981	-134.855797	460.740272	0	0	0	0	0	3
113	169	0.0259864373	0.629273954	-872.985678	-535.424618	-872.985678	-142.536856	461.398452	0	0	0	0	0	3
114	170	0.0262644208	0.63484275	-881.971689	-541.556673	-881.971689	-147.576482	462.465701	0	0	0	0	0	3
115	172	0.0265423341	0.640411546	-888.844007	-547.675179	-888.844007	-167.405137	460.286982	0	0	0	0	0	3
116	173	0.0268202498	0.645980342	-894.347039	-554.758323	-894.347039	-175.163386	459.822465	0	0	0	0	0	3
117	174	0.0270981076	0.651549138	-900.722207	-561.810669	-900.722207	-181.79326	460.00429	0	0	0	0	0	3
118	176	0.0273759595	0.657117934	-907.141397	-568.835344	-907.141397	-187.065494	460.8091	0	0	0	0	0	3
119	177	0.0276537411	0.66268673	-913.059218	-575.824164	-913.059218	-193.594178	462.002259	0	0	0	0	0	3
120	179	0.027931517	0.668255526	-918.384165	-582.764455	-918.384165	-207.410899	461.307111	0	0	0	0	0	3
121	180	0.0282092423	0.673824322	-925.102709	-590.597352	-925.102709	-214.987654	462.102278	0	0	0	0	0	3
122	182	0.0284869761	0.679393118	-931.805403	-598.406271	-931.805403	-228.312064	462.934217	0	0	0	0	0	3
123	183	0.0287646512	0.684961914	-938.325849	-606.132565	-938.325849	-236.443436	464.058286	0	0	0	0	0	3
124	184	0.0290423495	0.690530711	-944.413691	-613.836703	-944.413691	-242.293403	465.600427	0	0	0	0	0	3
125	186	0.0293200037	0.696099507	-951.849257	-621.561314	-951.849257	-249.374382	467.444655	0	0	0	0	0	3
126	187	0.0295976984	0.701668303	-957.029397	-629.277923	-957.029397	-254.137019	469.640907	0	0	0	0	0	3
127	189	0.029875361	0.707237099	-965.950836	-637.05546	-965.950836	-261.36412	472.074746	0	0	0	0	0	3
128	190	0.0301530636	0.712805895	-971.129059	-644.826593	-971.129059	-267.038504	474.732557	0	0	0	0	0	3
129	191	0.0304307367	0.718374691	-977.716886	-652.621637	-977.716886	-275.046032	477.503181	0	0	0	0	0	3
130	193	0.0307084466	0.723943487	-984.1918	-660.413144	-984.1918	-280.541373	480.46269	0	0	0	0	0	3
131	194	0.0309861251	0.729512283	-990.598144	-668.226549	-990.598144	-288.289655	483.519798	0	0	0	0	0	3
132	195	0.0312638439	0.735081079	-995.212733	-676.012032	-995.212733	-293.489919	486.725398	0	0	0	0	0	3
133	197	0.0315415426	0.740649875	-1002.28159	-683.821195	-1002.28159	-301.293099	490.006416	0	0	0	0	0	3
134	198	0.0318192818	0.746218671	-1009.04993	-691.621296	-1009.04993	-307.766645	493.377542	0	0	0	0	0	3
135	200	0.0320970008	0.751787467	-1013.21195	-699.395455	-1013.21195	-316.881504	496.709686	0	0	0	0	0	3
136	201	0.0323747697	0.757356263	-1020.92777	-707.157301	-1020.92777	-324.325047	500.079386	0	0	0	0	0	3
137	203	0.0326525216	0.762925059	-1026.31924	-714.897304	-1026.31924	-333.652306	503.405394	0	0	0	0	0	3
138	204	0.032930313	0.768493855	-1031.51776	-722.594207	-1031.51776	-341.559559	506.715641	0	0	0	0	0	3
139	205	0.0332080928	0.774062651	-1038.54116	-730.28403	-1038.54116	-351.498891	509.974702	0	0	0	0	0	3
140	207	0.0334859357	0.779631447	-1043.83972	-737.928615	-1043.83972	-359.945241	513.193139	0	0	0	0	0	3
141	208	0.0337637749	0.785200243	-1050.46115	-745.560746	-1050.46115	-370.451952	516.341341	0	0	0	0	0	3
142	210	0.0340416654	0.790769039	-1056.51031	-753.150499	-1056.51031	-380.776	519.398421	0	0	0	0	0	3
143	211	0.0343195422	0.796337836	-1062.85316	-760.703562	-1062.85316	-391.462008	522.366279	0	0	0	0	0	3
144	212	0.0345974808	0.801906632	-1068.2139	-768.203293	-1068.2139	-401.727189	525.2407	0	0	0	0	0	3
145	214	0.0348754006	0.807475428	-1075.2616	-775.675481	-1075.2616	-412.580724	528.036443	0	0	0	0	0	3
146	215	0.0351533563	0.813044224	-1079.63792	-783.082604	-1079.63792	-423.318814	530.725383	0	0	0	0	0	3
147	217	0.0354313506	0.81861302	-1086.09627	-790.446846	-1086.09627	-434.560826	533.327657	0	0	0	0	0	3
148	218	0.0357093768	0.824181816	-1091.67789	-797.745754	-1091.67789	-444.027327	535.863551	0	0	0	0	0	3
149	219	0.0359874275	0.829750612	-1097.84782	-805.010634	-1097.84782	-455.549977	538.315918	0	0	0	0	0	3
150	221	0.0362655263	0.835319408	-1102.67695	-812.201755	-1102.67695	-464.63767	540.704093	0	0	0	0	0	3
151	222	0.0365436606	0.840888204	-1109.9104	-819.375733	-1109.9104	-476.040998	543.035456	0	0	0	0	0	3
152	223	0.036821832	0.846457	-1114.75144	-826.474961	-1114.75144	-486.478873	545.276248	0	0	0	0	0	3
153	225	0.0371000108	0.852025796	-1120.85724	-833.524956	-1120.85724	-496.273092	547.464409	0	0	0	0	0	3
154	226	0.0373782067	0.857594592	-1126.61322	-840.531702	-1126.61322	-506.086252	549.607038	0	0	0	0	0	3
155	228	0.0376564192	0.863163388	-1132.97481	-847.500628	-1132.97481	-517.111938	551.68162	0	0	0	0	0	3
156	229	0.0379346873	0.868732184	-1138.59513	-854.411902	-1138.59513	-526.091902	553.717718	0	0	0	0	0	3
157	230	0.0382129793	0.87430098	-1144.6557	-861.289531	-1144.6557	-536.425225	555.707553	0	0	0	0	0	3
158	232	0.0384912852	0.879869776	-1149.56827	-868.107554	-1149.56827	-544.960834	557.663175	0	0	0	0	0	3
159	233	0.0387696156	0.885438572	-1156.20924	-874.904731	-1156.20924	-555.310357	559.584262	0	0	0	0	0	3
160	235	0.0390479794	0.891007368	-1160.45628	-881.635471	-1160.45628	-564.138065	561.455756	0	0	0	0	0	3
161	236	0.0393263324	0.896576164	-1167.187	-888.343779	-1167.187	-574.081897	563.29963	0	0	0	0	0	3
162	237	0.0396047037	0.902144961	-1172.04202	-894.99646	-1172.04202	-581.401626	565.133731	0	0	0	0	0	3
163	239	0.0398830288	0.907713757	-1178.41734	-901.637836	-1178.41734	-591.525769	566.946545	0	0	0	0	0	3
164	240	0.0401614094	0.913282553	-1184.50177	-908.235745	-1184.50177	-597.564995	568.780382	0	0	0	0	0	3
165	241	0.04043976	0.918851349	-1190.81137	-914.837292	-1190.81137	-607.322269	570.612306	0	0	0	0	0	3
166	243	0.0407181649	0.924420145	-1196.06472	-921.390565	-1196.06472	-613.827609	572.448155	0	0	0	0	0	3
167	244	0.0409965171	0.929988941	-1201.16614	-927.928501	-1201.16614	-623.312479	574.268291	0	0	0	0	0	3
168	246	0.0412748716	0.935557737	-1206.10851	-934.415723	-1206.10851	-630.511983	575.596523	0	0	0	0	0	3
169	247	0.0415531929	0.941126533	-1211.38209	-940.881774	-1211.38209	-639.859426	571.522669	0	0	0	0	0	3
170	249	0.0418315447	0.946695329	-1216.47113	-947.300374	-1216.47113	-645.748183	570.722946	0	0	0	0	0	3
171	251	0.0421098413	0.952264125	-1223.35316	-953.73057	-1223.35316	-655.252534	568.100626	0	0	0	0	0	3
172	252	0.0423881577	0.957832921	-1228.25403	-960.109165	-1228.25403	-662.203699	566.050336	0	0	0	0	0	3
173	254	0.0426664088	0.963401717	-1232.86749	-966.46136	-1232.86749	-670.403216	562.464272	0	0	0	0	0	3
174	255	0.0429446741	0.968970513	-1238.7666	-972.78879	-1238.7666	-678.130803	560.635794	0	0	0	0	0	3
175	257	0.043222893	0.974539309	-1244.52291	-979.093289	-1244.52291	-686.039078	558.483828	0	0	0	0	0	3
176	258	0.0435011246	0.980108105	-1250.54887	-985.376869	-1250.54887	-693.671328	556.877546	0	0	0	0	0	3
177	260	0.0437793013	0.985676901	-1255.37715	-991.628212	-1255.37715	-701.079498	554.297648	0	0	0	0	0	3
178	261	0.0440574516	0.991245697	-1260.5701	-997.854687	-1260.5701	-707.870692	552.699404	0	0	0	0	0	3
179	263	0.0443355532	0.996814493	-1266.87732	-1004.07481	-1266.87732	-714.724286	552.15303	0	0	0	0	0	3
180	264	0.0446136807	1.00238329	-1272.0309	-1010.276	-1272.0309	-721.352915	550.677982	38.0090282	0	0	0	0	3
181	265	0.0448917657	1.00795209	-1276.97061	-1016.45812	-1276.97061	-728.67592	548.294695	38.1572197	0	0	0	0	3
182	267	0.0451698482	1.01352088	-1283.37114	-1022.63003	-1283.37114	-735.090282	548.280859	38.2532276	0	0	0	0	3
183	268	0.0454478902	1.01908968	-1288.23208	-1028.7836	-1288.23208	-742.981503	545.250577	38.3230496	0	0	0	0	3
184	270	0.04572595	1.02465847	-1293.53758	-1034.90832	-1293.53758	-749.860452	543.677131	38.3854763	0	0	0	0	3
185	272	0.0460039718	1.03022727	-1299.54246	-1041.02231	-1299.54246	-756.145962	543.3965	38.4389565	0	0	0	0	3
186	273	0.0462819855	1.03579607	-1304.54567	-1047.12241	-1304.54567	-765.992599	538.553073	38.4798993	0	0	0	0	3
187	275	0.0465599599	1.04136486	-1309.60075	-1053.1681	-1309.60075	-772.595166	537.005587	38.5042663	0	0	0	0	3
188	277	0.0468379628	1.04693366	-1316.55156	-1059.21755	-1316.55156	-779.249517	537.30204	38.5225383	0	0	0	0	3
189	278	0.0471159067	1.05250245	-1321.94221	-1065.25214	-1321.94221	-787.095165	534.847049	38.5407704	0	0	0	0	3
190	280	0.0473938582	1.05807125	-1327.8007	-1071.26474	-1327.8007	-792.403917	535.396779	38.5414212	0	0	0	0	3
191	281	0.0476717451	1.06364005	-1333.29164	-1077.27877	-1333.29164	-799.979233	533.312408	38.5456607	0	0	0	0	3
192	282	0.0479496428	1.06920884	-1339.02403	-1083.27205	-1339.02403	-806.259535	532.764494	38.5520196	0	0	0	0	3
193	284	0.0482274909	1.07477764	-1345.49276	-1089.26634	-1345.49276	-813.33413	532.158629	38.558162	0	0	0	0	3
