Iteration	CPUTime	PhysTime	Travels	Value	AvValue	MinValue	MaxValue	Delta	Criteria	PrevAvRefValue	Progress	CriteriaType	CriteriaVarType	CriteriaPercentage
1	9	7.09592683e-05	0.00556879605	111441.059	111441.059	111441.059	111441.059	0	0	0	0	0	0	3
2	10	9.29581808e-05	0.0111375921	120009.725	113468.867	111441.059	120009.725	2027.8077	0	0	0	0	0	3
3	12	0.000117888856	0.0167063882	119531.664	114751.004	111441.059	120009.725	3309.94429	0	0	0	0	0	3
4	13	0.00014356205	0.0222751842	113903.876	114599.512	111441.059	120009.725	3309.94429	0	0	0	0	0	3
5	14	0.000169492047	0.0278439803	108824.659	113716.037	108824.659	120009.725	3309.94429	0	0	0	0	0	3
6	16	0.000214100354	0.0334127763	104478.002	111791.271	104478.002	120009.725	3309.94429	0	0	0	0	0	3
7	17	0.000268041784	0.0389815724	102230.671	109867.271	102230.671	120009.725	4883.73263	0	0	0	0	0	3
8	18	0.000324199003	0.0445503684	102581.06	108605.165	102230.671	120009.725	6145.83822	0	0	0	0	0	3
9	20	0.000381054483	0.0501191645	103190.481	107797.264	102230.671	120009.725	6953.73963	0	0	0	0	0	3
10	21	0.000438108063	0.0556879605	103320.461	107214.263	102230.671	120009.725	7536.7411	0	0	0	0	0	3
11	22	0.000523672102	0.0612567566	103269.586	106569.732	102230.671	120009.725	8181.27132	0	0	0	0	0	3
12	23	0.000609846314	0.0668255526	103248.082	106100.367	102230.671	120009.725	8650.63645	0	0	0	0	0	3
13	25	0.000693455586	0.0723943487	103260.077	105757.916	102230.671	120009.725	8993.08745	0	0	0	0	0	3
14	26	0.000773939311	0.0779631447	103269.976	105499.19	102230.671	120009.725	9251.8141	0	0	0	0	0	3
15	27	0.000848255761	0.0835319408	103285.616	105305.256	102230.671	120009.725	9445.74728	0	0	0	0	0	3
16	29	0.000950820798	0.0891007368	103310.023	105090.03	102230.671	120009.725	9660.97314	0	0	0	0	0	3
17	30	0.00104564788	0.0946695329	103357.962	104932.954	102230.671	120009.725	9818.04992	0	0	0	0	0	3
18	31	0.00113603186	0.100238329	103380.468	104809.436	102230.671	120009.725	9941.56741	0	0	0	0	0	3
19	32	0.00122488323	0.105807125	103415.914	104708.352	102230.671	120009.725	10042.6516	0	0	0	0	0	3
20	34	0.00131268946	0.111375921	103458.588	104624.755	102230.671	120009.725	10126.2487	0	0	0	0	0	3
21	35	0.00144376926	0.116944717	103489.213	104521.659	102230.671	120009.725	10229.3445	0	0	0	0	0	3
22	36	0.00157550843	0.122513513	103524.501	104438.28	102230.671	120009.725	10312.7238	0	0	0	0	0	3
23	38	0.00170915783	0.128082309	103545.026	104368.431	102230.671	120009.725	10382.5727	0	0	0	0	0	3
24	39	0.00184509052	0.133651105	103565.698	104309.291	102230.671	120009.725	10441.7122	0	0	0	0	0	3
25	40	0.00198154309	0.139219901	103597.602	104260.283	102230.671	120009.725	10490.7204	0	0	0	0	0	3
26	42	0.00218701597	0.144788697	103614.288	104199.591	102230.671	120009.725	10551.4125	0	0	0	0	0	3
27	43	0.00239276647	0.150357493	103626.199	104150.286	102230.671	120009.725	10600.7176	0	0	0	0	0	3
28	45	0.00259829459	0.155926289	103648.146	104110.566	102230.671	120009.725	10640.4375	0	0	0	0	0	3
29	46	0.00280276313	0.161495086	103659.043	104077.626	102230.671	120009.725	10673.3773	0	0	0	0	0	3
30	48	0.00300639112	0.167063882	103674.445	104050.318	102230.671	120009.725	10700.6854	0	0	0	0	0	3
31	49	0.00327345526	0.172632678	103675.444	104019.734	102230.671	120009.725	10731.2694	0	0	0	0	0	3
32	51	0.00353980988	0.178201474	103690.026	103994.925	102230.671	120009.725	10756.0785	0	0	0	0	0	3
33	53	0.00380582861	0.18377027	103701.314	103974.402	102230.671	120009.725	10776.6013	0	0	0	0	0	3
34	54	0.00407209079	0.189339066	103710.244	103957.13	102230.671	120009.725	10793.8738	0	0	0	0	0	3
35	56	0.00433886706	0.194907862	103722.404	103942.698	102230.671	120009.725	10808.306	0	0	0	0	0	3
36	57	0.00460671099	0.200476658	103724.082	103929.987	102230.671	120009.725	10821.0167	0	0	0	0	0	3
37	58	0.00487581881	0.206045454	103729.511	103918.922	102230.671	120009.725	10832.0815	0	0	0	0	0	3
38	60	0.00514614441	0.21161425	103731.86	103909.096	102230.671	120009.725	10841.9078	0	0	0	0	0	3
39	61	0.00541757703	0.217183046	103736.528	103900.45	102230.671	120009.725	10850.5538	0	0	0	0	0	3
40	63	0.00568997614	0.222751842	103750.159	103893.255	102230.671	120009.725	10857.7488	0	0	0	0	0	3
41	64	0.00596330051	0.228320638	103743.031	103886.369	102230.671	120009.725	10864.6342	0	0	0	0	0	3
42	66	0.00623712204	0.233889434	103755.847	103880.639	102230.671	120009.725	10870.3644	0	0	0	0	0	3
43	67	0.00651125251	0.23945823	103746.926	103875.01	102230.671	120009.725	10875.9938	0	0	0	0	0	3
44	69	0.00678557658	0.245027026	103754.275	103870.129	102230.671	120009.725	10880.8748	0	0	0	0	0	3
45	70	0.00705997724	0.250595822	103752.163	103865.544	102230.671	120009.725	10885.4598	0	0	0	0	0	3
46	71	0.00733459806	0.256164618	103748.664	103861.168	102230.671	120009.725	10889.836	0	0	0	0	0	3
47	73	0.00760935634	0.261733414	103750.996	103857.19	102230.671	120009.725	10893.8141	0	0	0	0	0	3
48	74	0.00788430355	0.267302211	103743.698	103853.232	102230.671	120009.725	10897.7719	0	0	0	0	0	3
49	76	0.0081594902	0.272871007	103746.274	103849.624	102230.671	120009.725	10901.3791	0	0	0	0	0	3
50	77	0.00843506663	0.278439803	103740.843	103846.071	102230.671	120009.725	10904.933	0	0	0	0	0	3
51	79	0.00871119204	0.284008599	103743.971	103842.834	102230.671	120009.725	10908.1694	0	0	0	0	0	3
52	80	0.00898775985	0.289577395	103735.474	103839.531	102230.671	120009.725	10911.473	0	0	0	0	0	3
53	81	0.00926484789	0.295146191	103732.483	103836.329	102230.671	120009.725	10914.6745	0	0	0	0	0	3
54	83	0.00954227685	0.300714987	103735.163	103833.388	102230.671	120009.725	10917.6158	0	0	0	0	0	3
55	84	0.00982027325	0.306283783	103731.712	103830.51	102230.671	120009.725	10920.4941	0	0	0	0	0	3
56	86	0.0100986987	0.311852579	103731.751	103827.787	102230.671	120009.725	10923.2169	0	0	0	0	0	3
57	87	0.0103774017	0.317421375	103719.247	103824.872	102230.671	120009.725	10926.1319	0	0	0	0	0	3
58	89	0.0106558981	0.322990171	103723.316	103822.217	102230.671	120009.725	10928.7861	0	0	0	0	0	3
59	90	0.0109345451	0.328558967	103721.075	103819.64	102230.671	120009.725	10931.3636	0	0	0	0	0	3
60	92	0.0112131852	0.334127763	103721.721	103817.207	102230.671	120009.725	10933.7968	0	0	0	0	0	3
61	93	0.0114920312	0.339696559	103716.8	103814.771	102230.671	120009.725	10936.2331	0	0	0	0	0	3
62	95	0.0117707056	0.345265355	103714.937	103812.407	102230.671	120009.725	10938.5967	0	0	0	0	0	3
63	97	0.012049287	0.350834151	103714.925	103810.153	102230.671	120009.725	10940.8505	0	0	0	0	0	3
64	98	0.0123279651	0.356402947	103714.699	103807.995	102230.671	120009.725	10943.0082	0	0	0	0	0	3
65	99	0.012606661	0.361971743	103710.166	103805.833	102230.671	120009.725	10945.171	0	0	0	0	0	3
66	101	0.0128854829	0.367540539	103706.312	103803.679	102230.671	120009.725	10947.3244	0	0	0	0	0	3
67	102	0.0131641859	0.373109336	103706.645	103801.625	102230.671	120009.725	10949.3788	0	0	0	0	0	3
68	104	0.0134429197	0.378678132	103706.435	103799.651	102230.671	120009.725	10951.3525	0	0	0	0	0	3
69	105	0.0137216416	0.384246928	103701.191	103797.651	102230.671	120009.725	10953.3525	0	0	0	0	0	3
70	106	0.0140004365	0.389815724	103703.629	103795.779	102230.671	120009.725	10955.2248	0	0	0	0	0	3
71	108	0.014279302	0.39538452	103699.195	103793.893	102230.671	120009.725	10957.111	0	0	0	0	0	3
72	109	0.0145582185	0.400953316	103698.562	103792.066	102230.671	120009.725	10958.9374	0	0	0	0	0	3
73	111	0.0148371015	0.406522112	103696.715	103790.274	102230.671	120009.725	10960.7297	0	0	0	0	0	3
74	112	0.0151160433	0.412090908	103694.293	103788.503	102230.671	120009.725	10962.5008	0	0	0	0	0	3
75	113	0.0153950485	0.417659704	103694.444	103786.798	102230.671	120009.725	10964.2055	0	0	0	0	0	3
76	115	0.0156741414	0.4232285	103694.384	103785.153	102230.671	120009.725	10965.851	0	0	0	0	0	3
77	116	0.0159532871	0.428797296	103686.542	103783.427	102230.671	120009.725	10967.5764	0	0	0	0	0	3
78	118	0.0162324036	0.434366092	103689.654	103781.815	102230.671	120009.725	10969.1889	0	0	0	0	0	3
79	119	0.0165115541	0.439934888	103683.956	103780.16	102230.671	120009.725	10970.8433	0	0	0	0	0	3
80	121	0.0167906584	0.445503684	103687.446	103778.619	102230.671	120009.725	10972.3845	0	0	0	0	0	3
81	122	0.0170698392	0.45107248	103681.556	103777.032	102230.671	120009.725	10973.9719	0	0	0	0	0	3
82	123	0.017348957	0.456641276	103685.28	103775.556	102230.671	120009.725	10975.4481	0	0	0	0	0	3
83	125	0.0176280826	0.462210072	103682.038	103774.075	102230.671	120009.725	10976.9289	0	0	0	0	0	3
84	126	0.0179072489	0.467778868	103681.57	103772.633	102230.671	120009.725	10978.371	0	0	0	0	0	3
85	128	0.0181863564	0.473347664	103673.517	103771.112	102230.671	120009.725	10979.8921	0	0	0	0	0	3
86	129	0.0184654386	0.478916461	103675.247	103769.663	102230.671	120009.725	10981.341	0	0	0	0	0	3
87	131	0.018744465	0.484485257	103673.212	103768.227	102230.671	120009.725	10982.7767	0	0	0	0	0	3
88	132	0.0190234789	0.490054053	103676.015	103766.874	102230.671	120009.725	10984.1292	0	0	0	0	0	3
89	134	0.0193024376	0.495622849	103670.22	103765.478	102230.671	120009.725	10985.526	0	0	0	0	0	3
90	136	0.0195813522	0.501191645	103672.458	103764.153	102230.671	120009.725	10986.851	0	0	0	0	0	3
91	137	0.0198602642	0.506760441	103668.493	103735.277	102230.671	120009.725	11015.7266	0	0	0	0	0	3
92	139	0.0201391667	0.512329237	103670.578	103716.517	102230.671	119531.664	11034.4865	0	0	0	0	0	3
93	140	0.0204179964	0.517898033	103662.643	103696.354	102230.671	113903.876	10903.1573	0	0	0	0	0	3
94	142	0.0206967882	0.523466829	103664.93	103683.178	102230.671	108824.659	6593.98829	0	0	0	0	0	3
95	143	0.0209755122	0.529035625	103663.568	103676.508	102230.671	104478.002	2247.33124	0	0	0	0	0	3
96	144	0.0212542591	0.534604421	103667.796	103674.693	102230.671	103755.847	1525.17559	0	0	0	0	0	3
97	146	0.0215329329	0.540173217	103657.402	103678.129	102581.06	103755.847	1174.78718	0	0	0	0	0	3
98	147	0.0218115576	0.545742013	103662.093	103680.788	103190.481	103755.847	565.365214	0	0	0	0	0	3
99	148	0.0220901519	0.551310809	103658.955	103681.792	103248.082	103755.847	507.764669	0	0	0	0	0	3
100	150	0.022368737	0.556879605	103661.447	103682.474	103248.082	103755.847	507.764669	0	0	0	0	0	3
101	152	0.0226473128	0.562448401	103651.382	103683.679	103248.082	103755.847	507.764669	0	0	0	0	0	3
102	153	0.022925842	0.568017197	103656.299	103685.02	103260.077	103755.847	495.769285	0	0	0	0	0	3
103	155	0.0232043091	0.573585993	103655.248	103686.23	103269.976	103755.847	485.871096	0	0	0	0	0	3
104	156	0.0234827379	0.579154789	103658.263	103687.362	103285.616	103755.847	470.230792	0	0	0	0	0	3
105	158	0.0237610564	0.584723586	103647.122	103688.176	103310.023	103755.847	445.824151	0	0	0	0	0	3
106	159	0.0240393689	0.590292382	103651.473	103689.414	103357.962	103755.847	397.884548	0	0	0	0	0	3
107	161	0.024317641	0.595861178	103648.739	103690.278	103380.468	103755.847	375.378386	0	0	0	0	0	3
108	162	0.0245959127	0.601429974	103656.051	103691.066	103415.914	103755.847	339.932481	0	0	0	0	0	3
109	163	0.024874104	0.60699877	103644.978	103691.557	103458.588	103755.847	297.258297	0	0	0	0	0	3
110	165	0.0251522582	0.612567566	103647.267	103691.898	103489.213	103755.847	266.633647	0	0	0	0	0	3
111	166	0.0254303442	0.618136362	103643.12	103692.441	103524.501	103755.847	231.345654	0	0	0	0	0	3
112	168	0.0257084335	0.623705158	103648.1	103692.846	103545.026	103755.847	210.820324	0	0	0	0	0	3
113	169	0.0259864373	0.629273954	103640.509	103693.061	103565.698	103755.847	190.14908	0	0	0	0	0	3
114	170	0.0262644208	0.63484275	103643.339	103693.204	103597.602	103755.847	158.244875	0	0	0	0	0	3
115	172	0.0265423341	0.640411546	103640.193	103693.135	103614.288	103755.847	141.558682	0	0	0	0	0	3
116	173	0.0268202498	0.645980342	103644.486	103693.244	103626.199	103755.847	129.647944	0	0	0	0	0	3
117	174	0.0270981076	0.651549138	103638.362	103693.185	103638.362	103755.847	117.484583	0	0	0	0	0	3
118	176	0.0273759595	0.657117934	103640.317	103692.966	103638.362	103755.847	117.484583	0	0	0	0	0	3
119	177	0.0276537411	0.66268673	103633.597	103692.581	103633.597	103755.847	122.249432	0	0	0	0	0	3
120	179	0.027931517	0.668255526	103637.623	103692.117	103633.597	103755.847	122.249432	0	0	0	0	0	3
121	180	0.0282092423	0.673824322	103635.027	103691.66	103633.597	103755.847	122.249432	0	0	0	0	0	3
122	182	0.0284869761	0.679393118	103636.731	103691.066	103633.597	103755.847	122.249432	0	0	0	0	0	3
123	183	0.0287646512	0.684961914	103631.281	103690.291	103631.281	103755.847	124.565953	0	0	0	0	0	3
124	184	0.0290423495	0.690530711	103634.053	103689.453	103631.281	103755.847	124.565953	0	0	0	0	0	3
125	186	0.0293200037	0.696099507	103630.422	103688.445	103630.422	103755.847	125.424416	0	0	0	0	0	3
126	187	0.0295976984	0.701668303	103632.723	103687.444	103630.422	103755.847	125.424416	0	0	0	0	0	3
127	189	0.029875361	0.707237099	103629.257	103686.345	103629.257	103755.847	126.59	0	0	0	0	0	3
128	190	0.0301530636	0.712805895	103632.479	103685.255	103629.257	103755.847	126.59	0	0	0	0	0	3
129	191	0.0304307367	0.718374691	103626.626	103684.047	103626.626	103755.847	129.220934	0	0	0	0	0	3
130	193	0.0307084466	0.723943487	103628.872	103682.715	103626.626	103755.847	129.220934	0	0	0	0	0	3
131	194	0.0309861251	0.729512283	103625.276	103681.419	103625.276	103755.847	130.570746	0	0	0	0	0	3
132	195	0.0312638439	0.735081079	103628.889	103680.022	103625.276	103754.275	128.999502	0	0	0	0	0	3
133	197	0.0315415426	0.740649875	103621.185	103678.636	103621.185	103754.275	133.089944	0	0	0	0	0	3
134	198	0.0318192818	0.746218671	103626.022	103677.224	103621.185	103752.163	130.97733	0	0	0	0	0	3
135	200	0.0320970008	0.751787467	103622.674	103675.797	103621.185	103750.996	129.810957	0	0	0	0	0	3
136	201	0.0323747697	0.757356263	103626.085	103674.447	103621.185	103750.996	129.810957	0	0	0	0	0	3
137	203	0.0326525216	0.762925059	103618.738	103672.989	103618.738	103746.274	127.535744	0	0	0	0	0	3
138	204	0.032930313	0.768493855	103621.748	103671.644	103618.738	103746.274	127.535744	0	0	0	0	0	3
139	205	0.0332080928	0.774062651	103619.071	103670.241	103618.738	103743.971	125.232825	0	0	0	0	0	3
140	207	0.0334859357	0.779631447	103622.519	103668.935	103618.738	103743.971	125.232825	0	0	0	0	0	3
141	208	0.0337637749	0.785200243	103618.253	103667.546	103618.253	103735.474	117.221702	0	0	0	0	0	3
142	210	0.0340416654	0.790769039	103620.858	103666.279	103618.253	103735.163	116.909962	0	0	0	0	0	3
143	211	0.0343195422	0.796337836	103614.327	103664.97	103614.327	103735.163	120.835485	0	0	0	0	0	3
144	212	0.0345974808	0.801906632	103619.583	103663.69	103614.327	103731.751	117.423739	0	0	0	0	0	3
145	214	0.0348754006	0.807475428	103615.002	103662.395	103614.327	103731.751	117.423739	0	0	0	0	0	3
146	215	0.0351533563	0.813044224	103617.473	103661.126	103614.327	103723.316	108.98935	0	0	0	0	0	3
147	217	0.0354313506	0.81861302	103610.561	103659.918	103610.561	103723.316	112.754966	0	0	0	0	0	3
148	218	0.0357093768	0.824181816	103614.681	103658.711	103610.561	103721.721	111.159186	0	0	0	0	0	3
149	219	0.0359874275	0.829750612	103613.101	103657.511	103610.561	103721.721	111.159186	0	0	0	0	0	3
150	221	0.0362655263	0.835319408	103615.498	103656.331	103610.561	103716.8	106.238359	0	0	0	0	0	3
151	222	0.0365436606	0.840888204	103610.489	103655.149	103610.489	103714.937	104.447841	0	0	0	0	0	3
152	223	0.036821832	0.846457	103613.373	103654.02	103610.489	103714.925	104.436167	0	0	0	0	0	3
153	225	0.0371000108	0.852025796	103605.887	103652.808	103605.887	103714.699	108.811777	0	0	0	0	0	3
154	226	0.0373782067	0.857594592	103609.468	103651.638	103605.887	103710.166	104.279016	0	0	0	0	0	3
155	228	0.0376564192	0.863163388	103607.184	103650.493	103605.887	103706.645	100.757482	0	0	0	0	0	3
156	229	0.0379346873	0.868732184	103613.282	103649.459	103605.887	103706.645	100.757482	0	0	0	0	0	3
157	230	0.0382129793	0.87430098	103602.964	103648.306	103602.964	103706.435	103.47152	0	0	0	0	0	3
158	232	0.0384912852	0.879869776	103606.222	103647.191	103602.964	103703.629	100.664789	0	0	0	0	0	3
159	233	0.0387696156	0.885438572	103602.131	103646.09	103602.131	103703.629	101.497587	0	0	0	0	0	3
160	235	0.0390479794	0.891007368	103609.587	103645.044	103602.131	103699.195	97.0636913	0	0	0	0	0	3
161	236	0.0393263324	0.896576164	103601.996	103643.962	103601.996	103698.562	96.5652835	0	0	0	0	0	3
162	237	0.0396047037	0.902144961	103606.193	103642.935	103601.996	103696.715	94.7185951	0	0	0	0	0	3
163	239	0.0398830288	0.907713757	103600.217	103641.861	103600.217	103694.444	94.2273577	0	0	0	0	0	3
164	240	0.0401614094	0.913282553	103604.688	103640.864	103600.217	103694.444	94.2273577	0	0	0	0	0	3
165	241	0.04043976	0.918851349	103599.368	103639.806	103599.368	103694.384	95.0162484	0	0	0	0	0	3
166	243	0.0407181649	0.924420145	103601.38	103638.77	103599.368	103689.654	90.2858776	0	0	0	0	0	3
167	244	0.0409965171	0.929988941	103596.267	103637.766	103596.267	103689.654	93.3868148	0	0	0	0	0	3
168	246	0.0412748716	0.935557737	103601.125	103636.78	103596.267	103687.446	91.1785385	0	0	0	0	0	3
169	247	0.0415531929	0.941126533	103598.07	103635.824	103596.267	103687.446	91.1785385	0	0	0	0	0	3
170	249	0.0418315447	0.946695329	103600.388	103634.855	103596.267	103685.28	89.0129712	0	0	0	0	0	3
171	251	0.0421098413	0.952264125	103599.194	103633.938	103596.267	103685.28	89.0129712	0	0	0	0	0	3
172	252	0.0423881577	0.957832921	103598.002	103632.966	103596.267	103682.038	85.7708984	0	0	0	0	0	3
173	254	0.0426664088	0.963401717	103591.124	103631.954	103591.124	103681.57	90.4467989	0	0	0	0	0	3
174	255	0.0429446741	0.968970513	103595.502	103630.995	103591.124	103676.015	84.89107	0	0	0	0	0	3
175	257	0.043222893	0.974539309	103597.221	103630.146	103591.124	103676.015	84.89107	0	0	0	0	0	3
176	258	0.0435011246	0.980108105	103598.173	103629.288	103591.124	103676.015	84.89107	0	0	0	0	0	3
177	260	0.0437793013	0.985676901	103591.469	103628.378	103591.124	103676.015	84.89107	0	0	0	0	0	3
178	261	0.0440574516	0.991245697	103593.897	103627.464	103591.124	103672.458	81.3346578	0	0	0	0	0	3
179	263	0.0443355532	0.996814493	103591.757	103626.591	103591.124	103672.458	81.3346578	0	0	0	0	0	3
180	264	0.0446136807	1.00238329	103593.894	103625.717	103591.124	103670.578	79.4540505	519.029777	0	0	0	0	3
181	265	0.0448917657	1.00795209	103589.937	103624.843	103589.937	103670.578	80.6403817	519.029777	0	0	0	0	3
182	267	0.0451698482	1.01352088	103592.528	103623.974	103589.937	103667.796	72.3805329	519.029777	0	0	0	0	3
183	268	0.0454478902	1.01908968	103590.48	103623.171	103589.937	103667.796	70.0728126	519.029777	0	0	0	0	3
184	270	0.04572595	1.02465847	103595.718	103622.401	103589.937	103667.796	70.8429332	519.029777	0	0	0	0	3
185	272	0.0460039718	1.03022727	103585.081	103621.528	103585.081	103667.796	71.7159392	519.029777	0	0	0	0	3
186	273	0.0462819855	1.03579607	103588.721	103620.648	103585.081	103662.093	72.595668	519.029777	0	0	0	0	3
187	275	0.0465599599	1.04136486	103587.78	103619.874	103585.081	103662.093	73.3699806	519.029777	0	0	0	0	3
188	277	0.0468379628	1.04693366	103590.015	103619.072	103585.081	103661.447	74.1716943	519.029777	0	0	0	0	3
189	278	0.0471159067	1.05250245	103590.268	103618.308	103585.081	103661.447	74.9355913	519.029777	0	0	0	0	3
190	280	0.0473938582	1.05807125	103588.68	103617.499	103585.081	103658.263	73.1810831	519.029777	0	0	0	0	3
191	281	0.0476717451	1.06364005	103584.075	103616.751	103584.075	103658.263	74.1874597	519.029777	0	0	0	0	3
192	282	0.0479496428	1.06920884	103585.376	103615.962	103584.075	103658.263	74.1874597	519.029777	0	0	0	0	3
193	284	0.0482274909	1.07477764	103583.591	103615.165	103583.591	103658.263	74.671926	519.029777	0	0	0	0	3
